6pb0_A	40,41,42,43,44,45,209,210,211,212,213,214,215,216,217,218,219,220,221,222,223,224,225,231,232,233,234,235,236,237,238,239,240,241,242,243,244,245,246,247,279,280,281,282,283,284,285,286,287,288,289,290,291,360,361,362,363,371,372,373,374,375,376,377,378,379,380,381,382,383,384,385,386,387,388,389,390,391,392,393,
7f4i_A	40,41,42,43,44,45,209,210,211,212,213,214,215,216,217,218,219,220,221,222,223,224,225,231,232,233,234,235,236,237,238,239,240,241,242,243,244,245,246,247,279,280,281,282,283,284,285,286,287,288,289,290,291,360,361,362,363,371,372,373,374,375,376,377,378,379,380,381,382,383,384,385,386,387,388,389,390,391,392,393,
7s8m_B	33,34,35,36,37,38,186,187,188,189,190,191,192,193,194,195,196,197,198,199,200,201,202,208,209,210,211,212,213,214,215,216,217,218,219,220,221,222,223,224,256,257,258,259,260,261,262,263,264,265,266,267,268,320,321,322,323,331,332,333,334,335,336,337,338,339,340,341,342,343,344,345,346,347,348,349,350,351,352,353,
7bz2_A	40,41,42,43,44,45,209,210,211,212,213,214,215,216,217,218,219,220,221,222,223,224,225,231,232,233,234,235,236,237,238,239,240,241,242,243,244,245,246,247,279,280,281,282,283,284,285,286,287,288,289,290,291,360,361,362,363,371,372,373,374,375,376,377,378,379,380,381,382,383,384,385,386,387,388,389,390,391,392,393,
6dde_A	33,34,35,36,37,38,186,187,188,189,190,191,192,193,194,195,196,197,198,199,200,201,202,208,209,210,211,212,213,214,215,216,217,218,219,220,221,222,223,224,256,257,258,259,260,261,262,263,264,265,266,267,268,320,321,322,323,331,332,333,334,335,336,337,338,339,340,341,342,343,344,345,346,347,348,349,350,351,352,353,
7ezh_A	33,34,35,36,37,38,186,187,188,189,190,191,192,193,194,195,196,197,198,199,200,201,202,208,209,210,211,212,213,214,215,216,217,218,219,220,221,222,223,224,256,257,258,259,260,261,262,263,264,265,266,267,268,320,321,322,323,331,332,333,334,335,336,337,338,339,340,341,342,343,344,345,346,347,348,349,350,351,352,353,
7ki1_A	40,41,42,43,44,45,209,210,211,212,213,214,215,216,217,218,219,220,221,222,223,224,225,231,232,233,234,235,236,237,238,239,240,241,242,243,244,245,246,247,279,280,281,282,283,284,285,286,287,288,289,290,291,360,361,362,363,371,372,373,374,375,376,377,378,379,380,381,382,383,384,385,386,387,388,389,390,391,392,393,
7rbt_A	40,41,42,43,44,45,209,210,211,212,213,214,215,216,217,218,219,220,221,222,223,224,225,231,232,233,234,235,236,237,238,239,240,241,242,243,244,245,246,247,279,280,281,282,283,284,285,286,287,288,289,290,291,360,361,362,363,371,372,373,374,375,376,377,378,379,380,381,382,383,384,385,386,387,388,389,390,391,392,393,
6wi9_A	40,41,42,43,44,45,209,210,211,212,213,214,215,216,217,218,219,220,221,222,223,224,225,231,232,233,234,235,236,237,238,239,240,241,242,243,244,245,246,247,279,280,281,282,283,284,285,286,287,288,289,290,291,360,361,362,363,371,372,373,374,375,376,377,378,379,380,381,382,383,384,385,386,387,388,389,390,391,392,393,
7t6t_A	33,34,35,36,37,38,186,187,188,189,190,191,192,193,194,195,196,197,198,199,200,201,202,208,209,210,211,212,213,214,215,216,217,218,219,220,221,222,223,224,256,257,258,259,260,261,262,263,264,265,266,267,268,320,321,322,323,331,332,333,334,335,336,337,338,339,340,341,342,343,344,345,346,347,348,349,350,351,352,353,
7d77_A	33,34,35,36,37,38,187,188,189,190,191,192,193,194,195,196,197,198,199,200,201,202,203,209,210,211,212,213,214,215,216,217,218,219,220,221,222,223,224,225,257,258,259,260,261,262,263,264,265,266,267,268,269,320,321,322,323,331,332,333,334,335,336,337,338,339,340,341,342,343,344,345,346,347,348,349,350,351,352,353,
7cfm_A	40,41,42,43,44,45,209,210,211,212,213,214,215,216,217,218,219,220,221,222,223,224,225,231,232,233,234,235,236,237,238,239,240,241,242,243,244,245,246,247,279,280,281,282,283,284,285,286,287,288,289,290,291,360,361,362,363,371,372,373,374,375,376,377,378,379,380,381,382,383,384,385,386,387,388,389,390,391,392,393,
6xbl_A	33,34,35,36,37,38,186,187,188,189,190,191,192,193,194,195,196,197,198,199,200,201,202,208,209,210,211,212,213,214,215,216,217,218,219,220,221,222,223,224,256,257,258,259,260,261,262,263,264,265,266,267,268,320,321,322,323,331,332,333,334,335,336,337,338,339,340,341,342,343,344,345,346,347,348,349,350,351,352,353,
6fuf_B	33,34,35,36,37,38,187,188,189,190,191,192,193,194,195,196,197,198,199,200,201,202,203,209,210,211,212,213,214,215,216,217,218,219,220,221,222,223,224,225,257,258,259,260,261,262,263,264,265,266,267,268,269,320,321,322,323,331,332,333,334,335,336,337,338,339,340,341,342,343,344,345,346,347,348,349,350,351,352,353,
7dfl_A	39,40,41,42,43,44,191,192,193,194,195,196,197,198,199,200,201,202,203,204,205,206,207,213,214,215,216,217,218,219,220,221,222,223,224,225,226,227,228,229,261,262,263,264,265,266,267,268,269,270,271,272,273,325,326,327,328,336,337,338,339,340,341,342,343,344,345,346,347,348,349,350,351,352,353,354,355,356,357,358,
7vui_A	40,41,42,43,44,45,209,210,211,212,213,214,215,216,217,218,219,220,221,222,223,224,225,231,232,233,234,235,236,237,238,239,240,241,242,243,244,245,246,247,269,270,271,272,273,274,275,276,277,278,279,280,281,350,351,352,353,361,362,363,364,365,366,367,368,369,370,371,372,373,374,375,376,377,378,379,380,381,382,383,
6omm_A	33,34,35,36,37,38,186,187,188,189,190,191,192,193,194,195,196,197,198,199,200,201,202,208,209,210,211,212,213,214,215,216,217,218,219,220,221,222,223,224,256,257,258,259,260,261,262,263,264,265,266,267,268,320,321,322,323,331,332,333,334,335,336,337,338,339,340,341,342,343,344,345,346,347,348,349,350,351,352,353,
7vv3_A	33,34,35,36,37,38,186,187,188,189,190,191,192,193,194,195,196,197,198,199,200,201,202,208,209,210,211,212,213,214,215,216,217,218,219,220,221,222,223,224,256,257,258,259,260,261,262,263,264,265,266,267,268,320,321,322,323,331,332,333,334,335,336,337,338,339,340,341,342,343,344,345,346,347,348,349,350,351,352,353,
7vgx_A	33,34,35,36,37,38,186,187,188,189,190,191,192,193,194,195,196,197,198,199,200,201,202,208,209,210,211,212,213,214,215,216,217,218,219,220,221,222,223,224,256,257,258,259,260,261,262,263,264,265,266,267,268,320,321,322,323,331,332,333,334,335,336,337,338,339,340,341,342,343,344,345,346,347,348,349,350,351,352,353,
7wu5_A	33,34,35,36,37,38,186,187,188,189,190,191,192,193,194,195,196,197,198,199,200,201,202,208,209,210,211,212,213,214,215,216,217,218,219,220,221,222,223,224,256,257,258,259,260,261,262,263,264,265,266,267,268,320,321,322,323,331,332,333,334,335,336,337,338,339,340,341,342,343,344,345,346,347,348,349,350,351,352,353,
7rmi_A	40,41,42,43,44,45,209,210,211,212,213,214,215,216,217,218,219,220,221,222,223,224,225,231,232,233,234,235,236,237,238,239,240,241,242,243,244,245,246,247,279,280,281,282,283,284,285,286,287,288,289,290,291,360,361,362,363,371,372,373,374,375,376,377,378,379,380,381,382,383,384,385,386,387,388,389,390,391,392,393,
7e2z_A	33,34,35,36,37,38,186,187,188,189,190,191,192,193,194,195,196,197,198,199,200,201,202,208,209,210,211,212,213,214,215,216,217,218,219,220,221,222,223,224,256,257,258,259,260,261,262,263,264,265,266,267,268,320,321,322,323,331,332,333,334,335,336,337,338,339,340,341,342,343,344,345,346,347,348,349,350,351,352,353,
7f55_A	40,41,42,43,44,45,209,210,211,212,213,214,215,216,217,218,219,220,221,222,223,224,225,231,232,233,234,235,236,237,238,239,240,241,242,243,244,245,246,247,279,280,281,282,283,284,285,286,287,288,289,290,291,360,361,362,363,371,372,373,374,375,376,377,378,379,380,381,382,383,384,385,386,387,388,389,390,391,392,393,
7na7_A	33,34,35,36,37,38,186,187,188,189,190,191,192,193,194,195,196,197,198,199,200,201,202,208,209,210,211,212,213,214,215,216,217,218,219,220,221,222,223,224,256,257,258,259,260,261,262,263,264,265,266,267,268,320,321,322,323,331,332,333,334,335,336,337,338,339,340,341,342,343,344,345,346,347,348,349,350,351,352,353,
7eb2_A	33,34,35,36,37,38,186,187,188,189,190,191,192,193,194,195,196,197,198,199,200,201,202,208,209,210,211,212,213,214,215,216,217,218,219,220,221,222,223,224,256,257,258,259,260,261,262,263,264,265,266,267,268,320,321,322,323,331,332,333,334,335,336,337,338,339,340,341,342,343,344,345,346,347,348,349,350,351,352,353,
7vkt_B	33,34,35,36,37,38,186,187,188,189,190,191,192,193,194,195,196,197,198,199,200,201,202,208,209,210,211,212,213,214,215,216,217,218,219,220,221,222,223,224,256,257,258,259,260,261,262,263,264,265,266,267,268,320,321,322,323,331,332,333,334,335,336,337,338,339,340,341,342,343,344,345,346,347,348,349,350,351,352,353,
6niy_A	40,41,42,43,44,45,209,210,211,212,213,214,215,216,217,218,219,220,221,222,223,224,225,231,232,233,234,235,236,237,238,239,240,241,242,243,244,245,246,247,279,280,281,282,283,284,285,286,287,288,289,290,291,360,361,362,363,371,372,373,374,375,376,377,378,379,380,381,382,383,384,385,386,387,388,389,390,391,392,393,
7ejk_A	33,34,35,36,37,38,187,188,189,190,191,192,193,194,195,196,197,198,199,200,201,202,203,209,210,211,212,213,214,215,216,217,218,219,220,221,222,223,224,225,257,258,259,260,261,262,263,264,265,266,267,268,269,320,321,322,323,331,332,333,334,335,336,337,338,339,340,341,342,343,344,345,346,347,348,349,350,351,352,353,
7ew4_A	33,34,35,36,37,38,186,187,188,189,190,191,192,193,194,195,196,197,198,199,200,201,202,208,209,210,211,212,213,214,215,216,217,218,219,220,221,222,223,224,256,257,258,259,260,261,262,263,264,265,266,267,268,320,321,322,323,331,332,333,334,335,336,337,338,339,340,341,342,343,344,345,346,347,348,349,350,351,352,353,
7tyn_A	40,41,42,43,44,45,209,210,211,212,213,214,215,216,217,218,219,220,221,222,223,224,225,231,232,233,234,235,236,237,238,239,240,241,242,243,244,245,246,247,279,280,281,282,283,284,285,286,287,288,289,290,291,360,361,362,363,371,372,373,374,375,376,377,378,379,380,381,382,383,384,385,386,387,388,389,390,391,392,393,
7rmg_A	40,41,42,43,44,45,209,210,211,212,213,214,215,216,217,218,219,220,221,222,223,224,225,231,232,233,234,235,236,237,238,239,240,241,242,243,244,245,246,247,279,280,281,282,283,284,285,286,287,288,289,290,291,360,361,362,363,371,372,373,374,375,376,377,378,379,380,381,382,383,384,385,386,387,388,389,390,391,392,393,
7euo_A	33,34,35,36,37,38,186,187,188,189,190,191,192,193,194,195,196,197,198,199,200,201,202,208,209,210,211,212,213,214,215,216,217,218,219,220,221,222,223,224,256,257,258,259,260,261,262,263,264,265,266,267,268,320,321,322,323,331,332,333,334,335,336,337,338,339,340,341,342,343,344,345,346,347,348,349,350,351,352,353,
7cz5_A	40,41,42,43,44,45,209,210,211,212,213,214,215,216,217,218,219,220,221,222,223,224,225,231,232,233,234,235,236,237,238,239,240,241,242,243,244,245,246,247,279,280,281,282,283,284,285,286,287,288,289,290,291,360,361,362,363,371,372,373,374,375,376,377,378,379,380,381,382,383,384,385,386,387,388,389,390,391,392,393,
6ddf_A	33,34,35,36,37,38,186,187,188,189,190,191,192,193,194,195,196,197,198,199,200,201,202,208,209,210,211,212,213,214,215,216,217,218,219,220,221,222,223,224,256,257,258,259,260,261,262,263,264,265,266,267,268,320,321,322,323,331,332,333,334,335,336,337,338,339,340,341,342,343,344,345,346,347,348,349,350,351,352,353,
7f1r_A	33,34,35,36,37,38,186,187,188,189,190,191,192,193,194,195,196,197,198,199,200,201,202,208,209,210,211,212,213,214,215,216,217,218,219,220,221,222,223,224,256,257,258,259,260,261,262,263,264,265,266,267,268,320,321,322,323,331,332,333,334,335,336,337,338,339,340,341,342,343,344,345,346,347,348,349,350,351,352,353,
7e14_A	40,41,42,43,44,45,209,210,211,212,213,214,215,216,217,218,219,220,221,222,223,224,225,231,232,233,234,235,236,237,238,239,240,241,242,243,244,245,246,247,279,280,281,282,283,284,285,286,287,288,289,290,291,360,361,362,363,371,372,373,374,375,376,377,378,379,380,381,382,383,384,385,386,387,388,389,390,391,392,393,
6xox_A	40,41,42,43,44,45,209,210,211,212,213,214,215,216,217,218,219,220,221,222,223,224,225,231,232,233,234,235,236,237,238,239,240,241,242,243,244,245,246,247,279,280,281,282,283,284,285,286,287,288,289,290,291,360,361,362,363,371,372,373,374,375,376,377,378,379,380,381,382,383,384,385,386,387,388,389,390,391,392,393,
7ljc_A	40,41,42,43,44,45,71,72,73,74,75,76,77,78,79,80,81,82,83,84,85,86,87,93,94,95,96,97,98,99,100,101,102,103,104,105,106,107,108,109,131,132,133,134,135,136,137,138,139,140,141,142,143,212,213,214,215,223,224,225,226,227,228,229,230,231,232,233,234,235,236,237,238,239,240,241,242,243,244,245,
7kh0_A	40,41,42,43,44,45,209,210,211,212,213,214,215,216,217,218,219,220,221,222,223,224,225,231,232,233,234,235,236,237,238,239,240,241,242,243,244,245,246,247,279,280,281,282,283,284,285,286,287,288,289,290,291,360,361,362,363,371,372,373,374,375,376,377,378,379,380,381,382,383,384,385,386,387,388,389,390,391,392,393,
7ew2_A	33,34,35,36,37,38,186,187,188,189,190,191,192,193,194,195,196,197,198,199,200,201,202,208,209,210,211,212,213,214,215,216,217,218,219,220,221,222,223,224,256,257,258,259,260,261,262,263,264,265,266,267,268,320,321,322,323,331,332,333,334,335,336,337,338,339,340,341,342,343,344,345,346,347,348,349,350,351,352,353,
7tyf_A	40,41,42,43,44,45,209,210,211,212,213,214,215,216,217,218,219,220,221,222,223,224,225,231,232,233,234,235,236,237,238,239,240,241,242,243,244,245,246,247,279,280,281,282,283,284,285,286,287,288,289,290,291,360,361,362,363,371,372,373,374,375,376,377,378,379,380,381,382,383,384,385,386,387,388,389,390,391,392,393,
7f58_A	40,41,42,43,44,45,209,210,211,212,213,214,215,216,217,218,219,220,221,222,223,224,225,231,232,233,234,235,236,237,238,239,240,241,242,243,244,245,246,247,279,280,281,282,283,284,285,286,287,288,289,290,291,360,361,362,363,371,372,373,374,375,376,377,378,379,380,381,382,383,384,385,386,387,388,389,390,391,392,393,
7wu4_A	33,34,35,36,37,38,186,187,188,189,190,191,192,193,194,195,196,197,198,199,200,201,202,208,209,210,211,212,213,214,215,216,217,218,219,220,221,222,223,224,256,257,258,259,260,261,262,263,264,265,266,267,268,320,321,322,323,331,332,333,334,335,336,337,338,339,340,341,342,343,344,345,346,347,348,349,350,351,352,353,
7jjo_A	40,41,42,43,44,45,195,196,197,198,199,200,201,202,203,204,205,206,207,208,209,210,211,217,218,219,220,221,222,223,224,225,226,227,228,229,230,231,232,233,265,266,267,268,269,270,271,272,273,274,275,276,277,346,347,348,349,357,358,359,360,361,362,363,364,365,366,367,368,369,370,371,372,373,374,375,376,377,378,379,
6os9_A	33,34,35,36,37,38,186,187,188,189,190,191,192,193,194,195,196,197,198,199,200,201,202,208,209,210,211,212,213,214,215,216,217,218,219,220,221,222,223,224,256,257,258,259,260,261,262,263,264,265,266,267,268,320,321,322,323,331,332,333,334,335,336,337,338,339,340,341,342,343,344,345,346,347,348,349,350,351,352,353,
6e3y_A	40,41,42,43,44,45,209,210,211,212,213,214,215,216,217,218,219,220,221,222,223,224,225,231,232,233,234,235,236,237,238,239,240,241,242,243,244,245,246,247,279,280,281,282,283,284,285,286,287,288,289,290,291,360,361,362,363,371,372,373,374,375,376,377,378,379,380,381,382,383,384,385,386,387,388,389,390,391,392,393,
7piv_A	40,41,42,43,44,45,195,196,197,198,199,200,201,202,203,204,205,206,207,208,209,210,211,217,218,219,220,221,222,223,224,225,226,227,228,229,230,231,232,233,265,266,267,268,269,270,271,272,273,274,275,276,277,346,347,348,349,357,358,359,360,361,362,363,364,365,366,367,368,369,370,371,372,373,374,375,376,377,378,379,
7s8o_B	33,34,35,36,37,38,186,187,188,189,190,191,192,193,194,195,196,197,198,199,200,201,202,208,209,210,211,212,213,214,215,216,217,218,219,220,221,222,223,224,256,257,258,259,260,261,262,263,264,265,266,267,268,320,321,322,323,331,332,333,334,335,336,337,338,339,340,341,342,343,344,345,346,347,348,349,350,351,352,353,
7w2z_A	33,34,35,36,37,38,187,188,189,190,191,192,193,194,195,196,197,198,199,200,201,202,203,209,210,211,212,213,214,215,216,217,218,219,220,221,222,223,224,225,257,258,259,260,261,262,263,264,265,266,267,268,269,320,321,322,323,331,332,333,334,335,336,337,338,339,340,341,342,343,344,345,346,347,348,349,350,351,352,353,
6oy9_A	29,30,31,32,33,34,182,183,184,185,186,187,188,189,190,191,192,193,194,195,196,197,198,204,205,206,207,208,209,210,211,212,213,214,215,216,217,218,219,220,252,253,254,255,256,257,258,259,260,261,262,263,264,316,317,318,319,327,328,329,330,331,332,333,334,335,336,337,338,339,340,341,342,343,344,345,346,347,348,349,
7dhi_A	40,41,42,43,44,45,209,210,211,212,213,214,215,216,217,218,219,220,221,222,223,224,225,231,232,233,234,235,236,237,238,239,240,241,242,243,244,245,246,247,279,280,281,282,283,284,285,286,287,288,289,290,291,360,361,362,363,371,372,373,374,375,376,377,378,379,380,381,382,383,384,385,386,387,388,389,390,391,392,393,
7x9c_A	33,34,35,36,37,38,186,187,188,189,190,191,192,193,194,195,196,197,198,199,200,201,202,208,209,210,211,212,213,214,215,216,217,218,219,220,221,222,223,224,256,257,258,259,260,261,262,263,264,265,266,267,268,320,321,322,323,331,332,333,334,335,336,337,338,339,340,341,342,343,344,345,346,347,348,349,350,351,352,353,
7vdh_A	33,34,35,36,37,38,186,187,188,189,190,191,192,193,194,195,196,197,198,199,200,201,202,208,209,210,211,212,213,214,215,216,217,218,219,220,221,222,223,224,256,257,258,259,260,261,262,263,264,265,266,267,268,320,321,322,323,331,332,333,334,335,336,337,338,339,340,341,342,343,344,345,346,347,348,349,350,351,352,353,
7dty_A	40,41,42,43,44,45,209,210,211,212,213,214,215,216,217,218,219,220,221,222,223,224,225,231,232,233,234,235,236,237,238,239,240,241,242,243,244,245,246,247,279,280,281,282,283,284,285,286,287,288,289,290,291,360,361,362,363,371,372,373,374,375,376,377,378,379,380,381,382,383,384,385,386,387,388,389,390,391,392,393,
7joz_A	40,41,42,43,44,45,195,196,197,198,199,200,201,202,203,204,205,206,207,208,209,210,211,217,218,219,220,221,222,223,224,225,226,227,228,229,230,231,232,233,265,266,267,268,269,270,271,272,273,274,275,276,277,346,347,348,349,357,358,359,360,361,362,363,364,365,366,367,368,369,370,371,372,373,374,375,376,377,378,379,
6g79_A	33,34,35,36,37,38,187,188,189,190,191,192,193,194,195,196,197,198,199,200,201,202,203,209,210,211,212,213,214,215,216,217,218,219,220,221,222,223,224,225,257,258,259,260,261,262,263,264,265,266,267,268,269,320,321,322,323,331,332,333,334,335,336,337,338,339,340,341,342,343,344,345,346,347,348,349,350,351,352,353,
7dw9_A	40,41,42,43,44,45,209,210,211,212,213,214,215,216,217,218,219,220,221,222,223,224,225,231,232,233,234,235,236,237,238,239,240,241,242,243,244,245,246,247,279,280,281,282,283,284,285,286,287,288,289,290,291,360,361,362,363,371,372,373,374,375,376,377,378,379,380,381,382,383,384,385,386,387,388,389,390,391,392,393,
7f16_A	40,41,42,43,44,45,209,210,211,212,213,214,215,216,217,218,219,220,221,222,223,224,225,231,232,233,234,235,236,237,238,239,240,241,242,243,244,245,246,247,279,280,281,282,283,284,285,286,287,288,289,290,291,360,361,362,363,371,372,373,374,375,376,377,378,379,380,381,382,383,384,385,386,387,388,389,390,391,392,393,
7vdm_A	33,34,35,36,37,38,186,187,188,189,190,191,192,193,194,195,196,197,198,199,200,201,202,208,209,210,211,212,213,214,215,216,217,218,219,220,221,222,223,224,256,257,258,259,260,261,262,263,264,265,266,267,268,320,321,322,323,331,332,333,334,335,336,337,338,339,340,341,342,343,344,345,346,347,348,349,350,351,352,353,
6pb1_A	40,41,42,43,44,45,209,210,211,212,213,214,215,216,217,218,219,220,221,222,223,224,225,231,232,233,234,235,236,237,238,239,240,241,242,243,244,245,246,247,279,280,281,282,283,284,285,286,287,288,289,290,291,360,361,362,363,371,372,373,374,375,376,377,378,379,380,381,382,383,384,385,386,387,388,389,390,391,392,393,
7vbi_A	40,41,42,43,44,45,209,210,211,212,213,214,215,216,217,218,219,220,221,222,223,224,225,231,232,233,234,235,236,237,238,239,240,241,242,243,244,245,246,247,279,280,281,282,283,284,285,286,287,288,289,290,291,360,361,362,363,371,372,373,374,375,376,377,378,379,380,381,382,383,384,385,386,387,388,389,390,391,392,393,
7d76_A	33,34,35,36,37,38,187,188,189,190,191,192,193,194,195,196,197,198,199,200,201,202,203,209,210,211,212,213,214,215,216,217,218,219,220,221,222,223,224,225,257,258,259,260,261,262,263,264,265,266,267,268,269,320,321,322,323,331,332,333,334,335,336,337,338,339,340,341,342,343,344,345,346,347,348,349,350,351,352,353,
7ld3_A	33,34,35,36,37,38,187,188,189,190,191,192,193,194,195,196,197,198,199,200,201,202,203,209,210,211,212,213,214,215,216,217,218,219,220,221,222,223,224,225,257,258,259,260,261,262,263,264,265,266,267,268,269,321,322,323,324,332,333,334,335,336,337,338,339,340,341,342,343,344,345,346,347,348,349,350,351,352,353,354,
7na8_A	33,34,35,36,37,38,186,187,188,189,190,191,192,193,194,195,196,197,198,199,200,201,202,208,209,210,211,212,213,214,215,216,217,218,219,220,221,222,223,224,256,257,258,259,260,261,262,263,264,265,266,267,268,320,321,322,323,331,332,333,334,335,336,337,338,339,340,341,342,343,344,345,346,347,348,349,350,351,352,353,
7cfn_A	40,41,42,43,44,45,209,210,211,212,213,214,215,216,217,218,219,220,221,222,223,224,225,231,232,233,234,235,236,237,238,239,240,241,242,243,244,245,246,247,279,280,281,282,283,284,285,286,287,288,289,290,291,360,361,362,363,371,372,373,374,375,376,377,378,379,380,381,382,383,384,385,386,387,388,389,390,391,392,393,
6oij_A	39,40,41,42,43,44,191,192,193,194,195,196,197,198,199,200,201,202,203,204,205,206,207,213,214,215,216,217,218,219,220,221,222,223,224,225,226,227,228,229,261,262,263,264,265,266,267,268,269,270,271,272,273,325,326,327,328,336,337,338,339,340,341,342,343,344,345,346,347,348,349,350,351,352,353,354,355,356,357,358,
7f4f_A	40,41,42,43,44,45,209,210,211,212,213,214,215,216,217,218,219,220,221,222,223,224,225,231,232,233,234,235,236,237,238,239,240,241,242,243,244,245,246,247,279,280,281,282,283,284,285,286,287,288,289,290,291,360,361,362,363,371,372,373,374,375,376,377,378,379,380,381,382,383,384,385,386,387,388,389,390,391,392,393,
7f53_A	40,41,42,43,44,45,209,210,211,212,213,214,215,216,217,218,219,220,221,222,223,224,225,231,232,233,234,235,236,237,238,239,240,241,242,243,244,245,246,247,279,280,281,282,283,284,285,286,287,288,289,290,291,360,361,362,363,371,372,373,374,375,376,377,378,379,380,381,382,383,384,385,386,387,388,389,390,391,392,393,
7u2l_A	33,34,35,36,37,38,186,187,188,189,190,191,192,193,194,195,196,197,198,199,200,201,202,208,209,210,211,212,213,214,215,216,217,218,219,220,221,222,223,224,256,257,258,259,260,261,262,263,264,265,266,267,268,320,321,322,323,331,332,333,334,335,336,337,338,339,340,341,342,343,344,345,346,347,348,349,350,351,352,353,
6gdg_D	40,41,42,43,44,45,209,210,211,212,213,214,215,216,217,218,219,220,221,222,223,224,225,231,232,233,234,235,236,237,238,239,240,241,242,243,244,245,246,247,269,270,271,272,273,274,275,276,277,278,279,280,281,350,351,352,353,361,362,363,364,365,366,367,368,369,370,371,372,373,374,375,376,377,378,379,380,381,382,383,
7v6a_A	33,34,35,36,37,38,186,187,188,189,190,191,192,193,194,195,196,197,198,199,200,201,202,208,209,210,211,212,213,214,215,216,217,218,219,220,221,222,223,224,256,257,258,259,260,261,262,263,264,265,266,267,268,320,321,322,323,331,332,333,334,335,336,337,338,339,340,341,342,343,344,345,346,347,348,349,350,351,352,353,
7jvp_A	40,41,42,43,44,45,209,210,211,212,213,214,215,216,217,218,219,220,221,222,223,224,225,231,232,233,234,235,236,237,238,239,240,241,242,243,244,245,246,247,279,280,281,282,283,284,285,286,287,288,289,290,291,360,361,362,363,371,372,373,374,375,376,377,378,379,380,381,382,383,384,385,386,387,388,389,390,391,392,393,
7eo2_B	33,34,35,36,37,38,186,187,188,189,190,191,192,193,194,195,196,197,198,199,200,201,202,208,209,210,211,212,213,214,215,216,217,218,219,220,221,222,223,224,256,257,258,259,260,261,262,263,264,265,266,267,268,320,321,322,323,331,332,333,334,335,336,337,338,339,340,341,342,343,344,345,346,347,348,349,350,351,352,353,
7ew7_A	33,34,35,36,37,38,186,187,188,189,190,191,192,193,194,195,196,197,198,199,200,201,202,208,209,210,211,212,213,214,215,216,217,218,219,220,221,222,223,224,256,257,258,259,260,261,262,263,264,265,266,267,268,320,321,322,323,331,332,333,334,335,336,337,338,339,340,341,342,343,344,345,346,347,348,349,350,351,352,353,
7d3s_A	40,41,42,43,44,45,209,210,211,212,213,214,215,216,217,218,219,220,221,222,223,224,225,231,232,233,234,235,236,237,238,239,240,241,242,243,244,245,246,247,269,270,271,272,273,274,275,276,277,278,279,280,281,350,351,352,353,361,362,363,364,365,366,367,368,369,370,371,372,373,374,375,376,377,378,379,380,381,382,383,
7fin_A	40,41,42,43,44,45,209,210,211,212,213,214,215,216,217,218,219,220,221,222,223,224,225,231,232,233,234,235,236,237,238,239,240,241,242,243,244,245,246,247,279,280,281,282,283,284,285,286,287,288,289,290,291,360,361,362,363,371,372,373,374,375,376,377,378,379,380,381,382,383,384,385,386,387,388,389,390,391,392,393,
7o7f_A	33,34,35,36,37,38,186,187,188,189,190,191,192,193,194,195,196,197,198,199,200,201,202,208,209,210,211,212,213,214,215,216,217,218,219,220,221,222,223,224,256,257,258,259,260,261,262,263,264,265,266,267,268,320,321,322,323,331,332,333,334,335,336,337,338,339,340,341,342,343,344,345,346,347,348,349,350,351,352,353,
7sbf_A	33,34,35,36,37,38,186,187,188,189,190,191,192,193,194,195,196,197,198,199,200,201,202,208,209,210,211,212,213,214,215,216,217,218,219,220,221,222,223,224,256,257,258,259,260,261,262,263,264,265,266,267,268,320,321,322,323,331,332,333,334,335,336,337,338,339,340,341,342,343,344,345,346,347,348,349,350,351,352,353,
7crh_A	40,41,42,43,44,45,209,210,211,212,213,214,215,216,217,218,219,220,221,222,223,224,225,231,232,233,234,235,236,237,238,239,240,241,242,243,244,245,246,247,279,280,281,282,283,284,285,286,287,288,289,290,291,360,361,362,363,371,372,373,374,375,376,377,378,379,380,381,382,383,384,385,386,387,388,389,390,391,392,393,
7tzf_A	40,41,42,43,44,45,209,210,211,212,213,214,215,216,217,218,219,220,221,222,223,224,225,231,232,233,234,235,236,237,238,239,240,241,242,243,244,245,246,247,279,280,281,282,283,284,285,286,287,288,289,290,291,360,361,362,363,371,372,373,374,375,376,377,378,379,380,381,382,383,384,385,386,387,388,389,390,391,392,393,
7wf7_B	33,34,35,36,37,38,186,187,188,189,190,191,192,193,194,195,196,197,198,199,200,201,202,208,209,210,211,212,213,214,215,216,217,218,219,220,221,222,223,224,256,257,258,259,260,261,262,263,264,265,266,267,268,320,321,322,323,331,332,333,334,335,336,337,338,339,340,341,342,343,344,345,346,347,348,349,350,351,352,353,
7vuh_A	40,41,42,43,44,45,209,210,211,212,213,214,215,216,217,218,219,220,221,222,223,224,225,231,232,233,234,235,236,237,238,239,240,241,242,243,244,245,246,247,269,270,271,272,273,274,275,276,277,278,279,280,281,350,351,352,353,361,362,363,364,365,366,367,368,369,370,371,372,373,374,375,376,377,378,379,380,381,382,383,
7lll_A	40,41,42,43,44,45,209,210,211,212,213,214,215,216,217,218,219,220,221,222,223,224,225,231,232,233,234,235,236,237,238,239,240,241,242,243,244,245,246,247,279,280,281,282,283,284,285,286,287,288,289,290,291,360,361,362,363,371,372,373,374,375,376,377,378,379,380,381,382,383,384,385,386,387,388,389,390,391,392,393,
7e2x_A	33,34,35,36,37,38,186,187,188,189,190,191,192,193,194,195,196,197,198,199,200,201,202,208,209,210,211,212,213,214,215,216,217,218,219,220,221,222,223,224,256,257,258,259,260,261,262,263,264,265,266,267,268,320,321,322,323,331,332,333,334,335,336,337,338,339,340,341,342,343,344,345,346,347,348,349,350,351,352,353,
7f8w_A	33,34,35,36,37,38,185,186,187,188,189,190,191,192,193,194,195,196,197,198,199,200,201,207,208,209,210,211,212,213,214,215,216,217,218,219,220,221,222,223,255,256,257,258,259,260,261,262,263,264,265,266,267,319,320,321,322,330,331,332,333,334,335,336,337,338,339,340,341,342,343,344,345,346,347,348,349,350,351,352,
6xbj_A	33,34,35,36,37,38,186,187,188,189,190,191,192,193,194,195,196,197,198,199,200,201,202,208,209,210,211,212,213,214,215,216,217,218,219,220,221,222,223,224,256,257,258,259,260,261,262,263,264,265,266,267,268,320,321,322,323,331,332,333,334,335,336,337,338,339,340,341,342,343,344,345,346,347,348,349,350,351,352,353,
6nbi_A	40,41,42,43,44,45,209,210,211,212,213,214,215,216,217,218,219,220,221,222,223,224,225,231,232,233,234,235,236,237,238,239,240,241,242,243,244,245,246,247,279,280,281,282,283,284,285,286,287,288,289,290,291,360,361,362,363,371,372,373,374,375,376,377,378,379,380,381,382,383,384,385,386,387,388,389,390,391,392,393,
7ew3_A	33,34,35,36,37,38,186,187,188,189,190,191,192,193,194,195,196,197,198,199,200,201,202,208,209,210,211,212,213,214,215,216,217,218,219,220,221,222,223,224,256,257,258,259,260,261,262,263,264,265,266,267,268,320,321,322,323,331,332,333,334,335,336,337,338,339,340,341,342,343,344,345,346,347,348,349,350,351,352,353,
7lly_A	40,41,42,43,44,45,209,210,211,212,213,214,215,216,217,218,219,220,221,222,223,224,225,231,232,233,234,235,236,237,238,239,240,241,242,243,244,245,246,247,279,280,281,282,283,284,285,286,287,288,289,290,291,360,361,362,363,371,372,373,374,375,376,377,378,379,380,381,382,383,384,385,386,387,388,389,390,391,392,393,
7vh0_B	33,34,35,36,37,38,186,187,188,189,190,191,192,193,194,195,196,197,198,199,200,201,202,208,209,210,211,212,213,214,215,216,217,218,219,220,221,222,223,224,256,257,258,259,260,261,262,263,264,265,266,267,268,320,321,322,323,331,332,333,334,335,336,337,338,339,340,341,342,343,344,345,346,347,348,349,350,351,352,353,
7ew0_A	33,34,35,36,37,38,186,187,188,189,190,191,192,193,194,195,196,197,198,199,200,201,202,208,209,210,211,212,213,214,215,216,217,218,219,220,221,222,223,224,256,257,258,259,260,261,262,263,264,265,266,267,268,320,321,322,323,331,332,333,334,335,336,337,338,339,340,341,342,343,344,345,346,347,348,349,350,351,352,353,
7v69_A	33,34,35,36,37,38,186,187,188,189,190,191,192,193,194,195,196,197,198,199,200,201,202,208,209,210,211,212,213,214,215,216,217,218,219,220,221,222,223,224,256,257,258,259,260,261,262,263,264,265,266,267,268,320,321,322,323,331,332,333,334,335,336,337,338,339,340,341,342,343,344,345,346,347,348,349,350,351,352,353,
7piu_A	40,41,42,43,44,45,195,196,197,198,199,200,201,202,203,204,205,206,207,208,209,210,211,217,218,219,220,221,222,223,224,225,226,227,228,229,230,231,232,233,265,266,267,268,269,270,271,272,273,274,275,276,277,346,347,348,349,357,358,359,360,361,362,363,364,365,366,367,368,369,370,371,372,373,374,375,376,377,378,379,
6vn7_A	40,41,42,43,44,45,209,210,211,212,213,214,215,216,217,218,219,220,221,222,223,224,225,231,232,233,234,235,236,237,238,239,240,241,242,243,244,245,246,247,279,280,281,282,283,284,285,286,287,288,289,290,291,360,361,362,363,371,372,373,374,375,376,377,378,379,380,381,382,383,384,385,386,387,388,389,390,391,392,393,
7cky_A	40,41,42,43,44,45,209,210,211,212,213,214,215,216,217,218,219,220,221,222,223,224,225,231,232,233,234,235,236,237,238,239,240,241,242,243,244,245,246,247,279,280,281,282,283,284,285,286,287,288,289,290,291,360,361,362,363,371,372,373,374,375,376,377,378,379,380,381,382,383,384,385,386,387,388,389,390,391,392,393,
6oya_A	29,30,31,32,33,34,182,183,184,185,186,187,188,189,190,191,192,193,194,195,196,197,198,204,205,206,207,208,209,210,211,212,213,214,215,216,217,218,219,220,252,253,254,255,256,257,258,259,260,261,262,263,264,316,317,318,319,327,328,329,330,331,332,333,334,335,336,337,338,339,340,341,342,343,344,345,346,347,348,349,
6nbf_A	40,41,42,43,44,45,209,210,211,212,213,214,215,216,217,218,219,220,221,222,223,224,225,231,232,233,234,235,236,237,238,239,240,241,242,243,244,245,246,247,279,280,281,282,283,284,285,286,287,288,289,290,291,360,361,362,363,371,372,373,374,375,376,377,378,379,380,381,382,383,384,385,386,387,388,389,390,391,392,393,
7vuy_A	33,34,35,36,37,38,186,187,188,189,190,191,192,193,194,195,196,197,198,199,200,201,202,208,209,210,211,212,213,214,215,216,217,218,219,220,221,222,223,224,256,257,258,259,260,261,262,263,264,265,266,267,268,320,321,322,323,331,332,333,334,335,336,337,338,339,340,341,342,343,344,345,346,347,348,349,350,351,352,353,
7ckx_A	40,41,42,43,44,45,209,210,211,212,213,214,215,216,217,218,219,220,221,222,223,224,225,231,232,233,234,235,236,237,238,239,240,241,242,243,244,245,246,247,279,280,281,282,283,284,285,286,287,288,289,290,291,360,361,362,363,371,372,373,374,375,376,377,378,379,380,381,382,383,384,385,386,387,388,389,390,391,392,393,
6m1h_F	40,41,42,43,44,45,209,210,211,212,213,214,215,216,217,218,219,220,221,222,223,224,225,231,232,233,234,235,236,237,238,239,240,241,242,243,244,245,246,247,279,280,281,282,283,284,285,286,287,288,289,290,291,360,361,362,363,371,372,373,374,375,376,377,378,379,380,381,382,383,384,385,386,387,388,389,390,391,392,393,
6wwz_A	33,34,35,36,37,38,187,188,189,190,191,192,193,194,195,196,197,198,199,200,201,202,203,209,210,211,212,213,214,215,216,217,218,219,220,221,222,223,224,225,257,258,259,260,261,262,263,264,265,266,267,268,269,320,321,322,323,331,332,333,334,335,336,337,338,339,340,341,342,343,344,345,346,347,348,349,350,351,352,353,
7mts_C	33,34,35,36,37,38,186,187,188,189,190,191,192,193,194,195,196,197,198,199,200,201,202,208,209,210,211,212,213,214,215,216,217,218,219,220,221,222,223,224,256,257,258,259,260,261,262,263,264,265,266,267,268,320,321,322,323,331,332,333,334,335,336,337,338,339,340,341,342,343,344,345,346,347,348,349,350,351,352,353,
7ezk_A	33,34,35,36,37,38,186,187,188,189,190,191,192,193,194,195,196,197,198,199,200,201,202,208,209,210,211,212,213,214,215,216,217,218,219,220,221,222,223,224,246,247,248,249,250,251,252,253,254,255,256,257,258,327,328,329,330,338,339,340,341,342,343,344,345,346,347,348,349,350,351,352,353,354,355,356,357,358,359,360,
7scg_A	33,34,35,36,37,38,186,187,188,189,190,191,192,193,194,195,196,197,198,199,200,201,202,208,209,210,211,212,213,214,215,216,217,218,219,220,221,222,223,224,256,257,258,259,260,261,262,263,264,265,266,267,268,320,321,322,323,331,332,333,334,335,336,337,338,339,340,341,342,343,344,345,346,347,348,349,350,351,352,353,
7tyx_A	40,41,42,43,44,45,209,210,211,212,213,214,215,216,217,218,219,220,221,222,223,224,225,231,232,233,234,235,236,237,238,239,240,241,242,243,244,245,246,247,279,280,281,282,283,284,285,286,287,288,289,290,291,360,361,362,363,371,372,373,374,375,376,377,378,379,380,381,382,383,384,385,386,387,388,389,390,391,392,393,
7f4h_A	40,41,42,43,44,45,209,210,211,212,213,214,215,216,217,218,219,220,221,222,223,224,225,231,232,233,234,235,236,237,238,239,240,241,242,243,244,245,246,247,279,280,281,282,283,284,285,286,287,288,289,290,291,360,361,362,363,371,372,373,374,375,376,377,378,379,380,381,382,383,384,385,386,387,388,389,390,391,392,393,
7e33_A	33,34,35,36,37,38,186,187,188,189,190,191,192,193,194,195,196,197,198,199,200,201,202,208,209,210,211,212,213,214,215,216,217,218,219,220,221,222,223,224,256,257,258,259,260,261,262,263,264,265,266,267,268,320,321,322,323,331,332,333,334,335,336,337,338,339,340,341,342,343,344,345,346,347,348,349,350,351,352,353,
7t11_A	33,34,35,36,37,38,186,187,188,189,190,191,192,193,194,195,196,197,198,199,200,201,202,208,209,210,211,212,213,214,215,216,217,218,219,220,221,222,223,224,256,257,258,259,260,261,262,263,264,265,266,267,268,320,321,322,323,331,332,333,334,335,336,337,338,339,340,341,342,343,344,345,346,347,348,349,350,351,352,353,
7bb6_E	40,41,42,43,44,45,209,210,211,212,213,214,215,216,217,218,219,220,221,222,223,224,225,231,232,233,234,235,236,237,238,239,240,241,242,243,244,245,246,247,279,280,281,282,283,284,285,286,287,288,289,290,291,360,361,362,363,371,372,373,374,375,376,377,378,379,380,381,382,383,384,385,386,387,388,389,390,391,392,393,
7eo4_B	33,34,35,36,37,38,186,187,188,189,190,191,192,193,194,195,196,197,198,199,200,201,202,208,209,210,211,212,213,214,215,216,217,218,219,220,221,222,223,224,256,257,258,259,260,261,262,263,264,265,266,267,268,320,321,322,323,331,332,333,334,335,336,337,338,339,340,341,342,343,344,345,346,347,348,349,350,351,352,353,
7td4_A	33,34,35,36,37,38,186,187,188,189,190,191,192,193,194,195,196,197,198,199,200,201,202,208,209,210,211,212,213,214,215,216,217,218,219,220,221,222,223,224,256,257,258,259,260,261,262,263,264,265,266,267,268,320,321,322,323,331,332,333,334,335,336,337,338,339,340,341,342,343,344,345,346,347,348,349,350,351,352,353,
6p9x_A	40,41,42,43,44,45,209,210,211,212,213,214,215,216,217,218,219,220,221,222,223,224,225,231,232,233,234,235,236,237,238,239,240,241,242,243,244,245,246,247,279,280,281,282,283,284,285,286,287,288,289,290,291,360,361,362,363,371,372,373,374,375,376,377,378,379,380,381,382,383,384,385,386,387,388,389,390,391,392,393,
7cmv_A	33,34,35,36,37,38,186,187,188,189,190,191,192,193,194,195,196,197,198,199,200,201,202,208,209,210,211,212,213,214,215,216,217,218,219,220,221,222,223,224,256,257,258,259,260,261,262,263,264,265,266,267,268,320,321,322,323,331,332,333,334,335,336,337,338,339,340,341,342,343,344,345,346,347,348,349,350,351,352,353,
7bb7_E	40,41,42,43,44,45,209,210,211,212,213,214,215,216,217,218,219,220,221,222,223,224,225,231,232,233,234,235,236,237,238,239,240,241,242,243,244,245,246,247,279,280,281,282,283,284,285,286,287,288,289,290,291,360,361,362,363,371,372,373,374,375,376,377,378,379,380,381,382,383,384,385,386,387,388,389,390,391,392,393,
7cx2_A	40,41,42,43,44,45,209,210,211,212,213,214,215,216,217,218,219,220,221,222,223,224,225,231,232,233,234,235,236,237,238,239,240,241,242,243,244,245,246,247,279,280,281,282,283,284,285,286,287,288,289,290,291,360,361,362,363,371,372,373,374,375,376,377,378,379,380,381,382,383,384,385,386,387,388,389,390,391,392,393,
6lfm_A	33,34,35,36,37,38,186,187,188,189,190,191,192,193,194,195,196,197,198,199,200,201,202,208,209,210,211,212,213,214,215,216,217,218,219,220,221,222,223,224,256,257,258,259,260,261,262,263,264,265,266,267,268,320,321,322,323,331,332,333,334,335,336,337,338,339,340,341,342,343,344,345,346,347,348,349,350,351,352,353,
7evw_A	40,41,42,43,44,45,209,210,211,212,213,214,215,216,217,218,219,220,221,222,223,224,225,231,232,233,234,235,236,237,238,239,240,241,242,243,244,245,246,247,279,280,281,282,283,284,285,286,287,288,289,290,291,360,361,362,363,371,372,373,374,375,376,377,378,379,380,381,382,383,384,385,386,387,388,389,390,391,392,393,
7wq3_A	33,34,35,36,37,38,186,187,188,189,190,191,192,193,194,195,196,197,198,199,200,201,202,208,209,210,211,212,213,214,215,216,217,218,219,220,221,222,223,224,256,257,258,259,260,261,262,263,264,265,266,267,268,320,321,322,323,331,332,333,334,335,336,337,338,339,340,341,342,343,344,345,346,347,348,349,350,351,352,353,
6p9y_A	40,41,42,43,44,45,209,210,211,212,213,214,215,216,217,218,219,220,221,222,223,224,225,231,232,233,234,235,236,237,238,239,240,241,242,243,244,245,246,247,279,280,281,282,283,284,285,286,287,288,289,290,291,360,361,362,363,371,372,373,374,375,376,377,378,379,380,381,382,383,384,385,386,387,388,389,390,391,392,393,
7jv5_A	40,41,42,43,44,45,209,210,211,212,213,214,215,216,217,218,219,220,221,222,223,224,225,231,232,233,234,235,236,237,238,239,240,241,242,243,244,245,246,247,279,280,281,282,283,284,285,286,287,288,289,290,291,360,361,362,363,371,372,373,374,375,376,377,378,379,380,381,382,383,384,385,386,387,388,389,390,391,392,393,
7l0p_A	33,34,35,36,37,38,186,187,188,189,190,191,192,193,194,195,196,197,198,199,200,201,202,208,209,210,211,212,213,214,215,216,217,218,219,220,221,222,223,224,256,257,258,259,260,261,262,263,264,265,266,267,268,320,321,322,323,331,332,333,334,335,336,337,338,339,340,341,342,343,344,345,346,347,348,349,350,351,352,353,
7ejx_A	33,34,35,36,37,38,186,187,188,189,190,191,192,193,194,195,196,197,198,199,200,201,202,208,209,210,211,212,213,214,215,216,217,218,219,220,221,222,223,224,256,257,258,259,260,261,262,263,264,265,266,267,268,320,321,322,323,331,332,333,334,335,336,337,338,339,340,341,342,343,344,345,346,347,348,349,350,351,352,353,
6x18_A	40,41,42,43,44,45,209,210,211,212,213,214,215,216,217,218,219,220,221,222,223,224,225,231,232,233,234,235,236,237,238,239,240,241,242,243,244,245,246,247,279,280,281,282,283,284,285,286,287,288,289,290,291,360,361,362,363,371,372,373,374,375,376,377,378,379,380,381,382,383,384,385,386,387,388,389,390,391,392,393,
7v68_A	33,34,35,36,37,38,186,187,188,189,190,191,192,193,194,195,196,197,198,199,200,201,202,208,209,210,211,212,213,214,215,216,217,218,219,220,221,222,223,224,256,257,258,259,260,261,262,263,264,265,266,267,268,320,321,322,323,331,332,333,334,335,336,337,338,339,340,341,342,343,344,345,346,347,348,349,350,351,352,353,
7t10_A	33,34,35,36,37,38,186,187,188,189,190,191,192,193,194,195,196,197,198,199,200,201,202,208,209,210,211,212,213,214,215,216,217,218,219,220,221,222,223,224,256,257,258,259,260,261,262,263,264,265,266,267,268,320,321,322,323,331,332,333,334,335,336,337,338,339,340,341,342,343,344,345,346,347,348,349,350,351,352,353,
7td3_A	33,34,35,36,37,38,186,187,188,189,190,191,192,193,194,195,196,197,198,199,200,201,202,208,209,210,211,212,213,214,215,216,217,218,219,220,221,222,223,224,256,257,258,259,260,261,262,263,264,265,266,267,268,320,321,322,323,331,332,333,334,335,336,337,338,339,340,341,342,343,344,345,346,347,348,349,350,351,352,353,
6x1a_A	40,41,42,43,44,45,209,210,211,212,213,214,215,216,217,218,219,220,221,222,223,224,225,231,232,233,234,235,236,237,238,239,240,241,242,243,244,245,246,247,279,280,281,282,283,284,285,286,287,288,289,290,291,360,361,362,363,371,372,373,374,375,376,377,378,379,380,381,382,383,384,385,386,387,388,389,390,391,392,393,
7evm_A	40,41,42,43,44,45,209,210,211,212,213,214,215,216,217,218,219,220,221,222,223,224,225,231,232,233,234,235,236,237,238,239,240,241,242,243,244,245,246,247,279,280,281,282,283,284,285,286,287,288,289,290,291,360,361,362,363,371,372,373,374,375,376,377,378,379,380,381,382,383,384,385,386,387,388,389,390,391,392,393,
6vms_A	33,34,35,36,37,38,186,187,188,189,190,191,192,193,194,195,196,197,198,199,200,201,202,208,209,210,211,212,213,214,215,216,217,218,219,220,221,222,223,224,256,257,258,259,260,261,262,263,264,265,266,267,268,320,321,322,323,331,332,333,334,335,336,337,338,339,340,341,342,343,344,345,346,347,348,349,350,351,352,353,
7eja_A	33,34,35,36,37,38,187,188,189,190,191,192,193,194,195,196,197,198,199,200,201,202,203,209,210,211,212,213,214,215,216,217,218,219,220,221,222,223,224,225,257,258,259,260,261,262,263,264,265,266,267,268,269,320,321,322,323,331,332,333,334,335,336,337,338,339,340,341,342,343,344,345,346,347,348,349,350,351,352,353,
7e32_A	33,34,35,36,37,38,186,187,188,189,190,191,192,193,194,195,196,197,198,199,200,201,202,208,209,210,211,212,213,214,215,216,217,218,219,220,221,222,223,224,256,257,258,259,260,261,262,263,264,265,266,267,268,320,321,322,323,331,332,333,334,335,336,337,338,339,340,341,342,343,344,345,346,347,348,349,350,351,352,353,
7fiy_A	40,41,42,43,44,45,209,210,211,212,213,214,215,216,217,218,219,220,221,222,223,224,225,231,232,233,234,235,236,237,238,239,240,241,242,243,244,245,246,247,279,280,281,282,283,284,285,286,287,288,289,290,291,360,361,362,363,371,372,373,374,375,376,377,378,379,380,381,382,383,384,385,386,387,388,389,390,391,392,393,
7cmu_A	33,34,35,36,37,38,186,187,188,189,190,191,192,193,194,195,196,197,198,199,200,201,202,208,209,210,211,212,213,214,215,216,217,218,219,220,221,222,223,224,256,257,258,259,260,261,262,263,264,265,266,267,268,320,321,322,323,331,332,333,334,335,336,337,338,339,340,341,342,343,344,345,346,347,348,349,350,351,352,353,
7evy_A	33,34,35,36,37,38,186,187,188,189,190,191,192,193,194,195,196,197,198,199,200,201,202,208,209,210,211,212,213,214,215,216,217,218,219,220,221,222,223,224,256,257,258,259,260,261,262,263,264,265,266,267,268,320,321,322,323,331,332,333,334,335,336,337,338,339,340,341,342,343,344,345,346,347,348,349,350,351,352,353,
7cx4_A	40,41,42,43,44,45,209,210,211,212,213,214,215,216,217,218,219,220,221,222,223,224,225,231,232,233,234,235,236,237,238,239,240,241,242,243,244,245,246,247,279,280,281,282,283,284,285,286,287,288,289,290,291,360,361,362,363,371,372,373,374,375,376,377,378,379,380,381,382,383,384,385,386,387,388,389,390,391,392,393,
6osa_A	33,34,35,36,37,38,186,187,188,189,190,191,192,193,194,195,196,197,198,199,200,201,202,208,209,210,211,212,213,214,215,216,217,218,219,220,221,222,223,224,256,257,258,259,260,261,262,263,264,265,266,267,268,320,321,322,323,331,332,333,334,335,336,337,338,339,340,341,342,343,344,345,346,347,348,349,350,351,352,353,
6kpf_A	33,34,35,36,37,38,186,187,188,189,190,191,192,193,194,195,196,197,198,199,200,201,202,208,209,210,211,212,213,214,215,216,217,218,219,220,221,222,223,224,256,257,258,259,260,261,262,263,264,265,266,267,268,320,321,322,323,331,332,333,334,335,336,337,338,339,340,341,342,343,344,345,346,347,348,349,350,351,352,353,
7ej8_A	33,34,35,36,37,38,187,188,189,190,191,192,193,194,195,196,197,198,199,200,201,202,203,209,210,211,212,213,214,215,216,217,218,219,220,221,222,223,224,225,257,258,259,260,261,262,263,264,265,266,267,268,269,320,321,322,323,331,332,333,334,335,336,337,338,339,340,341,342,343,344,345,346,347,348,349,350,351,352,353,
7aue_A	33,34,35,36,37,38,188,189,190,191,192,193,194,195,196,197,198,199,200,201,202,203,204,210,211,212,213,214,215,216,217,218,219,220,221,222,223,224,225,226,258,259,260,261,262,263,264,265,266,267,268,269,270,339,340,341,342,350,351,352,353,354,355,356,357,358,359,360,361,362,363,364,365,366,367,368,369,370,371,372,
7exd_A	33,34,35,36,37,38,186,187,188,189,190,191,192,193,194,195,196,197,198,199,200,201,202,208,209,210,211,212,213,214,215,216,217,218,219,220,221,222,223,224,256,257,258,259,260,261,262,263,264,265,266,267,268,320,321,322,323,331,332,333,334,335,336,337,338,339,340,341,342,343,344,345,346,347,348,349,350,351,352,353,
7s3i_A	40,41,42,43,44,45,209,210,211,212,213,214,215,216,217,218,219,220,221,222,223,224,225,231,232,233,234,235,236,237,238,239,240,241,242,243,244,245,246,247,279,280,281,282,283,284,285,286,287,288,289,290,291,360,361,362,363,371,372,373,374,375,376,377,378,379,380,381,382,383,384,385,386,387,388,389,390,391,392,393,
6lfo_A	33,34,35,36,37,38,186,187,188,189,190,191,192,193,194,195,196,197,198,199,200,201,202,208,209,210,211,212,213,214,215,216,217,218,219,220,221,222,223,224,256,257,258,259,260,261,262,263,264,265,266,267,268,320,321,322,323,331,332,333,334,335,336,337,338,339,340,341,342,343,344,345,346,347,348,349,350,351,352,353,
7x9b_A	33,34,35,36,37,38,186,187,188,189,190,191,192,193,194,195,196,197,198,199,200,201,202,208,209,210,211,212,213,214,215,216,217,218,219,220,221,222,223,224,256,257,258,259,260,261,262,263,264,265,266,267,268,320,321,322,323,331,332,333,334,335,336,337,338,339,340,341,342,343,344,345,346,347,348,349,350,351,352,353,
5uz7_A	40,41,42,43,44,45,209,210,211,212,213,214,215,216,217,218,219,220,221,222,223,224,225,231,232,233,234,235,236,237,238,239,240,241,242,243,244,245,246,247,279,280,281,282,283,284,285,286,287,288,289,290,291,360,361,362,363,371,372,373,374,375,376,377,378,379,380,381,382,383,384,385,386,387,388,389,390,391,392,393,
7l0r_A	33,34,35,36,37,38,186,187,188,189,190,191,192,193,194,195,196,197,198,199,200,201,202,208,209,210,211,212,213,214,215,216,217,218,219,220,221,222,223,224,256,257,258,259,260,261,262,263,264,265,266,267,268,320,321,322,323,331,332,333,334,335,336,337,338,339,340,341,342,343,344,345,346,347,348,349,350,351,352,353,
7e2y_A	33,34,35,36,37,38,186,187,188,189,190,191,192,193,194,195,196,197,198,199,200,201,202,208,209,210,211,212,213,214,215,216,217,218,219,220,221,222,223,224,256,257,258,259,260,261,262,263,264,265,266,267,268,320,321,322,323,331,332,333,334,335,336,337,338,339,340,341,342,343,344,345,346,347,348,349,350,351,352,353,
7f4d_A	40,41,42,43,44,45,209,210,211,212,213,214,215,216,217,218,219,220,221,222,223,224,225,231,232,233,234,235,236,237,238,239,240,241,242,243,244,245,246,247,279,280,281,282,283,284,285,286,287,288,289,290,291,360,361,362,363,371,372,373,374,375,376,377,378,379,380,381,382,383,384,385,386,387,388,389,390,391,392,393,
7evz_A	33,34,35,36,37,38,186,187,188,189,190,191,192,193,194,195,196,197,198,199,200,201,202,208,209,210,211,212,213,214,215,216,217,218,219,220,221,222,223,224,256,257,258,259,260,261,262,263,264,265,266,267,268,320,321,322,323,331,332,333,334,335,336,337,338,339,340,341,342,343,344,345,346,347,348,349,350,351,352,353,
6lml_A	33,34,35,36,37,38,186,187,188,189,190,191,192,193,194,195,196,197,198,199,200,201,202,208,209,210,211,212,213,214,215,216,217,218,219,220,221,222,223,224,256,257,258,259,260,261,262,263,264,265,266,267,268,320,321,322,323,331,332,333,334,335,336,337,338,339,340,341,342,343,344,345,346,347,348,349,350,351,352,353,
6whc_A	40,41,42,43,44,45,209,210,211,212,213,214,215,216,217,218,219,220,221,222,223,224,225,231,232,233,234,235,236,237,238,239,240,241,242,243,244,245,246,247,279,280,281,282,283,284,285,286,287,288,289,290,291,360,361,362,363,371,372,373,374,375,376,377,378,379,380,381,382,383,384,385,386,387,388,389,390,391,392,393,
7tyl_A	40,41,42,43,44,45,209,210,211,212,213,214,215,216,217,218,219,220,221,222,223,224,225,231,232,233,234,235,236,237,238,239,240,241,242,243,244,245,246,247,279,280,281,282,283,284,285,286,287,288,289,290,291,360,361,362,363,371,372,373,374,375,376,377,378,379,380,381,382,383,384,385,386,387,388,389,390,391,392,393,
6vcb_A	40,41,42,43,44,45,209,210,211,212,213,214,215,216,217,218,219,220,221,222,223,224,225,231,232,233,234,235,236,237,238,239,240,241,242,243,244,245,246,247,279,280,281,282,283,284,285,286,287,288,289,290,291,360,361,362,363,371,372,373,374,375,376,377,378,379,380,381,382,383,384,385,386,387,388,389,390,391,392,393,
7rgp_A	40,41,42,43,44,45,209,210,211,212,213,214,215,216,217,218,219,220,221,222,223,224,225,231,232,233,234,235,236,237,238,239,240,241,242,243,244,245,246,247,279,280,281,282,283,284,285,286,287,288,289,290,291,360,361,362,363,371,372,373,374,375,376,377,378,379,380,381,382,383,384,385,386,387,388,389,390,391,392,393,
7bw0_A	40,41,42,43,44,45,209,210,211,212,213,214,215,216,217,218,219,220,221,222,223,224,225,231,232,233,234,235,236,237,238,239,240,241,242,243,244,245,246,247,279,280,281,282,283,284,285,286,287,288,289,290,291,360,361,362,363,371,372,373,374,375,376,377,378,379,380,381,382,383,384,385,386,387,388,389,390,391,392,393,
7f1q_A	33,34,35,36,37,38,186,187,188,189,190,191,192,193,194,195,196,197,198,199,200,201,202,208,209,210,211,212,213,214,215,216,217,218,219,220,221,222,223,224,256,257,258,259,260,261,262,263,264,265,266,267,268,320,321,322,323,331,332,333,334,335,336,337,338,339,340,341,342,343,344,345,346,347,348,349,350,351,352,353,
7vgy_B	32,33,34,35,36,37,186,187,188,189,190,191,192,193,194,195,196,197,198,199,200,201,202,208,209,210,211,212,213,214,215,216,217,218,219,220,221,222,223,224,256,257,258,259,260,261,262,263,264,265,266,267,268,320,321,322,323,331,332,333,334,335,336,337,338,339,340,341,342,343,344,345,346,347,348,349,350,351,352,353,
6nbh_A	40,41,42,43,44,45,209,210,211,212,213,214,215,216,217,218,219,220,221,222,223,224,225,231,232,233,234,235,236,237,238,239,240,241,242,243,244,245,246,247,279,280,281,282,283,284,285,286,287,288,289,290,291,360,361,362,363,371,372,373,374,375,376,377,378,379,380,381,382,383,384,385,386,387,388,389,390,391,392,393,
6uva_A	40,41,42,43,44,45,209,210,211,212,213,214,215,216,217,218,219,220,221,222,223,224,225,231,232,233,234,235,236,237,238,239,240,241,242,243,244,245,246,247,279,280,281,282,283,284,285,286,287,288,289,290,291,360,361,362,363,371,372,373,374,375,376,377,378,379,380,381,382,383,384,385,386,387,388,389,390,391,392,393,
6wzg_A	40,41,42,43,44,45,209,210,211,212,213,214,215,216,217,218,219,220,221,222,223,224,225,231,232,233,234,235,236,237,238,239,240,241,242,243,244,245,246,247,279,280,281,282,283,284,285,286,287,288,289,290,291,360,361,362,363,371,372,373,374,375,376,377,378,379,380,381,382,383,384,385,386,387,388,389,390,391,392,393,
6lpb_A	40,41,42,43,44,45,209,210,211,212,213,214,215,216,217,218,219,220,221,222,223,224,225,231,232,233,234,235,236,237,238,239,240,241,242,243,244,245,246,247,269,270,271,272,273,274,275,276,277,278,279,280,281,350,351,352,353,361,362,363,364,365,366,367,368,369,370,371,372,373,374,375,376,377,378,379,380,381,382,383,
7ckw_A	40,41,42,43,44,45,209,210,211,212,213,214,215,216,217,218,219,220,221,222,223,224,225,231,232,233,234,235,236,237,238,239,240,241,242,243,244,245,246,247,279,280,281,282,283,284,285,286,287,288,289,290,291,360,361,362,363,371,372,373,374,375,376,377,378,379,380,381,382,383,384,385,386,387,388,389,390,391,392,393,
7ki0_A	40,41,42,43,44,45,209,210,211,212,213,214,215,216,217,218,219,220,221,222,223,224,225,231,232,233,234,235,236,237,238,239,240,241,242,243,244,245,246,247,279,280,281,282,283,284,285,286,287,288,289,290,291,360,361,362,363,371,372,373,374,375,376,377,378,379,380,381,382,383,384,385,386,387,388,389,390,391,392,393,
7td2_A	33,34,35,36,37,38,186,187,188,189,190,191,192,193,194,195,196,197,198,199,200,201,202,208,209,210,211,212,213,214,215,216,217,218,219,220,221,222,223,224,256,257,258,259,260,261,262,263,264,265,266,267,268,320,321,322,323,331,332,333,334,335,336,337,338,339,340,341,342,343,344,345,346,347,348,349,350,351,352,353,
6d9h_A	33,34,35,36,37,38,187,188,189,190,191,192,193,194,195,196,197,198,199,200,201,202,203,209,210,211,212,213,214,215,216,217,218,219,220,221,222,223,224,225,257,258,259,260,261,262,263,264,265,266,267,268,269,321,322,323,324,332,333,334,335,336,337,338,339,340,341,342,343,344,345,346,347,348,349,350,351,352,353,354,
6kpg_A	33,34,35,36,37,38,186,187,188,189,190,191,192,193,194,195,196,197,198,199,200,201,202,208,209,210,211,212,213,214,215,216,217,218,219,220,221,222,223,224,256,257,258,259,260,261,262,263,264,265,266,267,268,320,321,322,323,331,332,333,334,335,336,337,338,339,340,341,342,343,344,345,346,347,348,349,350,351,352,353,
7wbj_A	40,41,42,43,44,45,209,210,211,212,213,214,215,216,217,218,219,220,221,222,223,224,225,231,232,233,234,235,236,237,238,239,240,241,242,243,244,245,246,247,279,280,281,282,283,284,285,286,287,288,289,290,291,360,361,362,363,371,372,373,374,375,376,377,378,379,380,381,382,383,384,385,386,387,388,389,390,391,392,393,
7vuj_A	40,41,42,43,44,45,209,210,211,212,213,214,215,216,217,218,219,220,221,222,223,224,225,231,232,233,234,235,236,237,238,239,240,241,242,243,244,245,246,247,269,270,271,272,273,274,275,276,277,278,279,280,281,350,351,352,353,361,362,363,364,365,366,367,368,369,370,371,372,373,374,375,376,377,378,379,380,381,382,383,
7mbx_A	40,41,42,43,44,45,209,210,211,212,213,214,215,216,217,218,219,220,221,222,223,224,225,231,232,233,234,235,236,237,238,239,240,241,242,243,244,245,246,247,279,280,281,282,283,284,285,286,287,288,289,290,291,360,361,362,363,371,372,373,374,375,376,377,378,379,380,381,382,383,384,385,386,387,388,389,390,391,392,393,
7cx3_A	40,41,42,43,44,45,209,210,211,212,213,214,215,216,217,218,219,220,221,222,223,224,225,231,232,233,234,235,236,237,238,239,240,241,242,243,244,245,246,247,279,280,281,282,283,284,285,286,287,288,289,290,291,360,361,362,363,371,372,373,374,375,376,377,378,379,380,381,382,383,384,385,386,387,388,389,390,391,392,393,
6qno_A	33,34,35,36,37,38,186,187,188,189,190,191,192,193,194,195,196,197,198,199,200,201,202,208,209,210,211,212,213,214,215,216,217,218,219,220,221,222,223,224,256,257,258,259,260,261,262,263,264,265,266,267,268,320,321,322,323,331,332,333,334,335,336,337,338,339,340,341,342,343,344,345,346,347,348,349,350,351,352,353,
6oik_A	33,34,35,36,37,38,187,188,189,190,191,192,193,194,195,196,197,198,199,200,201,202,203,209,210,211,212,213,214,215,216,217,218,219,220,221,222,223,224,225,257,258,259,260,261,262,263,264,265,266,267,268,269,320,321,322,323,331,332,333,334,335,336,337,338,339,340,341,342,343,344,345,346,347,348,349,350,351,352,353,
7l0q_A	33,34,35,36,37,38,186,187,188,189,190,191,192,193,194,195,196,197,198,199,200,201,202,208,209,210,211,212,213,214,215,216,217,218,219,220,221,222,223,224,256,257,258,259,260,261,262,263,264,265,266,267,268,320,321,322,323,331,332,333,334,335,336,337,338,339,340,341,342,343,344,345,346,347,348,349,350,351,352,353,
7vbh_A	40,41,42,43,44,45,209,210,211,212,213,214,215,216,217,218,219,220,221,222,223,224,225,231,232,233,234,235,236,237,238,239,240,241,242,243,244,245,246,247,279,280,281,282,283,284,285,286,287,288,289,290,291,360,361,362,363,371,372,373,374,375,376,377,378,379,380,381,382,383,384,385,386,387,388,389,390,391,392,393,
7dhr_A	40,41,42,43,44,45,209,210,211,212,213,214,215,216,217,218,219,220,221,222,223,224,225,231,232,233,234,235,236,237,238,239,240,241,242,243,244,245,246,247,279,280,281,282,283,284,285,286,287,288,289,290,291,360,361,362,363,371,372,373,374,375,376,377,378,379,380,381,382,383,384,385,386,387,388,389,390,391,392,393,
7jvr_A	33,34,35,36,37,38,186,187,188,189,190,191,192,193,194,195,196,197,198,199,200,201,202,208,209,210,211,212,213,214,215,216,217,218,219,220,221,222,223,224,256,257,258,259,260,261,262,263,264,265,266,267,268,320,321,322,323,331,332,333,334,335,336,337,338,339,340,341,342,343,344,345,346,347,348,349,350,351,352,353,
7lci_A	40,41,42,43,44,45,209,210,211,212,213,214,215,216,217,218,219,220,221,222,223,224,225,231,232,233,234,235,236,237,238,239,240,241,242,243,244,245,246,247,279,280,281,282,283,284,285,286,287,288,289,290,291,360,361,362,363,371,372,373,374,375,376,377,378,379,380,381,382,383,384,385,386,387,388,389,390,391,392,393,
7c2e_A	40,41,42,43,44,45,209,210,211,212,213,214,215,216,217,218,219,220,221,222,223,224,225,231,232,233,234,235,236,237,238,239,240,241,242,243,244,245,246,247,279,280,281,282,283,284,285,286,287,288,289,290,291,360,361,362,363,371,372,373,374,375,376,377,378,379,380,381,382,383,384,385,386,387,388,389,390,391,392,393,
7vl8_A	33,34,35,36,37,38,186,187,188,189,190,191,192,193,194,195,196,197,198,199,200,201,202,208,209,210,211,212,213,214,215,216,217,218,219,220,221,222,223,224,256,257,258,259,260,261,262,263,264,265,266,267,268,320,321,322,323,331,332,333,334,335,336,337,338,339,340,341,342,343,344,345,346,347,348,349,350,351,352,353,
7t6s_A	33,34,35,36,37,38,186,187,188,189,190,191,192,193,194,195,196,197,198,199,200,201,202,208,209,210,211,212,213,214,215,216,217,218,219,220,221,222,223,224,256,257,258,259,260,261,262,263,264,265,266,267,268,320,321,322,323,331,332,333,334,335,336,337,338,339,340,341,342,343,344,345,346,347,348,349,350,351,352,353,
6xbk_A	33,34,35,36,37,38,186,187,188,189,190,191,192,193,194,195,196,197,198,199,200,201,202,208,209,210,211,212,213,214,215,216,217,218,219,220,221,222,223,224,256,257,258,259,260,261,262,263,264,265,266,267,268,320,321,322,323,331,332,333,334,335,336,337,338,339,340,341,342,343,344,345,346,347,348,349,350,351,352,353,
6uus_A	40,41,42,43,44,45,209,210,211,212,213,214,215,216,217,218,219,220,221,222,223,224,225,231,232,233,234,235,236,237,238,239,240,241,242,243,244,245,246,247,279,280,281,282,283,284,285,286,287,288,289,290,291,360,361,362,363,371,372,373,374,375,376,377,378,379,380,381,382,383,384,385,386,387,388,389,390,391,392,393,
7ej0_A	33,34,35,36,37,38,187,188,189,190,191,192,193,194,195,196,197,198,199,200,201,202,203,209,210,211,212,213,214,215,216,217,218,219,220,221,222,223,224,225,257,258,259,260,261,262,263,264,265,266,267,268,269,320,321,322,323,331,332,333,334,335,336,337,338,339,340,341,342,343,344,345,346,347,348,349,350,351,352,353,
7tyy_A	40,41,42,43,44,45,209,210,211,212,213,214,215,216,217,218,219,220,221,222,223,224,225,231,232,233,234,235,236,237,238,239,240,241,242,243,244,245,246,247,279,280,281,282,283,284,285,286,287,288,289,290,291,360,361,362,363,371,372,373,374,375,376,377,378,379,380,381,382,383,384,385,386,387,388,389,390,391,392,393,
6cmo_A	33,34,35,36,37,38,186,187,188,189,190,191,192,193,194,195,196,197,198,199,200,201,202,208,209,210,211,212,213,214,215,216,217,218,219,220,221,222,223,224,256,257,258,259,260,261,262,263,264,265,266,267,268,320,321,322,323,331,332,333,334,335,336,337,338,339,340,341,342,343,344,345,346,347,348,349,350,351,352,353,
7mby_A	40,41,42,43,44,45,209,210,211,212,213,214,215,216,217,218,219,220,221,222,223,224,225,231,232,233,234,235,236,237,238,239,240,241,242,243,244,245,246,247,279,280,281,282,283,284,285,286,287,288,289,290,291,360,361,362,363,371,372,373,374,375,376,377,378,379,380,381,382,383,384,385,386,387,388,389,390,391,392,393,
7vdl_A	33,34,35,36,37,38,186,187,188,189,190,191,192,193,194,195,196,197,198,199,200,201,202,208,209,210,211,212,213,214,215,216,217,218,219,220,221,222,223,224,256,257,258,259,260,261,262,263,264,265,266,267,268,320,321,322,323,331,332,333,334,335,336,337,338,339,340,341,342,343,344,345,346,347,348,349,350,351,352,353,
7d7m_D	40,41,42,43,44,45,209,210,211,212,213,214,215,216,217,218,219,220,221,222,223,224,225,231,232,233,234,235,236,237,238,239,240,241,242,243,244,245,246,247,279,280,281,282,283,284,285,286,287,288,289,290,291,360,361,362,363,371,372,373,374,375,376,377,378,379,380,381,382,383,384,385,386,387,388,389,390,391,392,393,
7wvy_A	33,34,35,36,37,38,187,188,189,190,191,192,193,194,195,196,197,198,199,200,201,202,203,209,210,211,212,213,214,215,216,217,218,219,220,221,222,223,224,225,257,258,259,260,261,262,263,264,265,266,267,268,269,321,322,323,324,332,333,334,335,336,337,338,339,340,341,342,343,344,345,346,347,348,349,350,351,352,353,354,
7xji_A	40,41,42,43,44,45,209,210,211,212,213,214,215,216,217,218,219,220,221,222,223,224,225,231,232,233,234,235,236,237,238,239,240,241,242,243,244,245,246,247,269,270,271,272,273,274,275,276,277,278,279,280,281,350,351,352,353,361,362,363,364,365,366,367,368,369,370,371,372,373,374,375,376,377,378,379,380,381,382,383,
7tyh_A	40,41,42,43,44,45,209,210,211,212,213,214,215,216,217,218,219,220,221,222,223,224,225,231,232,233,234,235,236,237,238,239,240,241,242,243,244,245,246,247,279,280,281,282,283,284,285,286,287,288,289,290,291,360,361,362,363,371,372,373,374,375,376,377,378,379,380,381,382,383,384,385,386,387,388,389,390,391,392,393,
7tyo_A	40,41,42,43,44,45,209,210,211,212,213,214,215,216,217,218,219,220,221,222,223,224,225,231,232,233,234,235,236,237,238,239,240,241,242,243,244,245,246,247,279,280,281,282,283,284,285,286,287,288,289,290,291,360,361,362,363,371,372,373,374,375,376,377,378,379,380,381,382,383,384,385,386,387,388,389,390,391,392,393,
6ni3_A	40,41,42,43,44,45,209,210,211,212,213,214,215,216,217,218,219,220,221,222,223,224,225,231,232,233,234,235,236,237,238,239,240,241,242,243,244,245,246,247,279,280,281,282,283,284,285,286,287,288,289,290,291,360,361,362,363,371,372,373,374,375,376,377,378,379,380,381,382,383,384,385,386,387,388,389,390,391,392,393,
7p02_A	33,34,35,36,37,38,202,203,204,205,206,207,208,209,210,211,212,213,214,215,216,217,218,224,225,226,227,228,229,230,231,232,233,234,235,236,237,238,239,240,262,263,264,265,266,267,268,269,270,271,272,273,274,343,344,345,346,354,355,356,357,358,359,360,361,362,363,364,365,366,367,368,369,370,371,372,373,374,375,376,
7td0_A	33,34,35,36,37,38,186,187,188,189,190,191,192,193,194,195,196,197,198,199,200,201,202,208,209,210,211,212,213,214,215,216,217,218,219,220,221,222,223,224,256,257,258,259,260,261,262,263,264,265,266,267,268,320,321,322,323,331,332,333,334,335,336,337,338,339,340,341,342,343,344,345,346,347,348,349,350,351,352,353,
7wuq_A	40,41,42,43,44,45,209,210,211,212,213,214,215,216,217,218,219,220,221,222,223,224,225,231,232,233,234,235,236,237,238,239,240,241,242,243,244,245,246,247,279,280,281,282,283,284,285,286,287,288,289,290,291,360,361,362,363,371,372,373,374,375,376,377,378,379,380,381,382,383,384,385,386,387,388,389,390,391,392,393,
3sn6_A	40,41,42,43,44,45,209,210,211,212,213,214,215,216,217,218,219,220,221,222,223,224,225,231,232,233,234,235,236,237,238,239,240,241,242,243,244,245,246,247,279,280,281,282,283,284,285,286,287,288,289,290,291,360,361,362,363,371,372,373,374,375,376,377,378,379,380,381,382,383,384,385,386,387,388,389,390,391,392,393,
7duq_A	40,41,42,43,44,45,209,210,211,212,213,214,215,216,217,218,219,220,221,222,223,224,225,231,232,233,234,235,236,237,238,239,240,241,242,243,244,245,246,247,279,280,281,282,283,284,285,286,287,288,289,290,291,360,361,362,363,371,372,373,374,375,376,377,378,379,380,381,382,383,384,385,386,387,388,389,390,391,392,393,
7tyi_A	40,41,42,43,44,45,209,210,211,212,213,214,215,216,217,218,219,220,221,222,223,224,225,231,232,233,234,235,236,237,238,239,240,241,242,243,244,245,246,247,279,280,281,282,283,284,285,286,287,288,289,290,291,360,361,362,363,371,372,373,374,375,376,377,378,379,380,381,382,383,384,385,386,387,388,389,390,391,392,393,
7fim_A	40,41,42,43,44,45,209,210,211,212,213,214,215,216,217,218,219,220,221,222,223,224,225,231,232,233,234,235,236,237,238,239,240,241,242,243,244,245,246,247,279,280,281,282,283,284,285,286,287,288,289,290,291,360,361,362,363,371,372,373,374,375,376,377,378,379,380,381,382,383,384,385,386,387,388,389,390,391,392,393,
7wvw_A	33,34,35,36,37,38,187,188,189,190,191,192,193,194,195,196,197,198,199,200,201,202,203,209,210,211,212,213,214,215,216,217,218,219,220,221,222,223,224,225,257,258,259,260,261,262,263,264,265,266,267,268,269,321,322,323,324,332,333,334,335,336,337,338,339,340,341,342,343,344,345,346,347,348,349,350,351,352,353,354,
6x19_A	40,41,42,43,44,45,209,210,211,212,213,214,215,216,217,218,219,220,221,222,223,224,225,231,232,233,234,235,236,237,238,239,240,241,242,243,244,245,246,247,279,280,281,282,283,284,285,286,287,288,289,290,291,360,361,362,363,371,372,373,374,375,376,377,378,379,380,381,382,383,384,385,386,387,388,389,390,391,392,393,
7s1m_A	40,41,42,43,44,45,209,210,211,212,213,214,215,216,217,218,219,220,221,222,223,224,225,231,232,233,234,235,236,237,238,239,240,241,242,243,244,245,246,247,279,280,281,282,283,284,285,286,287,288,289,290,291,360,361,362,363,371,372,373,374,375,376,377,378,379,380,381,382,383,384,385,386,387,388,389,390,391,392,393,
7ljd_A	40,41,42,43,44,45,71,72,73,74,75,76,77,78,79,80,81,82,83,84,85,86,87,93,94,95,96,97,98,99,100,101,102,103,104,105,106,107,108,109,131,132,133,134,135,136,137,138,139,140,141,142,143,212,213,214,215,223,224,225,226,227,228,229,230,231,232,233,234,235,236,237,238,239,240,241,242,243,244,245,
7rmh_A	40,41,42,43,44,45,209,210,211,212,213,214,215,216,217,218,219,220,221,222,223,224,225,231,232,233,234,235,236,237,238,239,240,241,242,243,244,245,246,247,279,280,281,282,283,284,285,286,287,288,289,290,291,360,361,362,363,371,372,373,374,375,376,377,378,379,380,381,382,383,384,385,386,387,388,389,390,391,392,393,
6k41_A	33,34,35,36,37,38,187,188,189,190,191,192,193,194,195,196,197,198,199,200,201,202,203,209,210,211,212,213,214,215,216,217,218,219,220,221,222,223,224,225,257,258,259,260,261,262,263,264,265,266,267,268,269,320,321,322,323,331,332,333,334,335,336,337,338,339,340,341,342,343,344,345,346,347,348,349,350,351,352,353,
7vv5_A	33,34,35,36,37,38,186,187,188,189,190,191,192,193,194,195,196,197,198,199,200,201,202,208,209,210,211,212,213,214,215,216,217,218,219,220,221,222,223,224,256,257,258,259,260,261,262,263,264,265,266,267,268,320,321,322,323,331,332,333,334,335,336,337,338,339,340,341,342,343,344,345,346,347,348,349,350,351,352,353,
7tyw_A	40,41,42,43,44,45,209,210,211,212,213,214,215,216,217,218,219,220,221,222,223,224,225,231,232,233,234,235,236,237,238,239,240,241,242,243,244,245,246,247,279,280,281,282,283,284,285,286,287,288,289,290,291,360,361,362,363,371,372,373,374,375,376,377,378,379,380,381,382,383,384,385,386,387,388,389,390,391,392,393,
7wvu_A	33,34,35,36,37,38,186,187,188,189,190,191,192,193,194,195,196,197,198,199,200,201,202,208,209,210,211,212,213,214,215,216,217,218,219,220,221,222,223,224,256,257,258,259,260,261,262,263,264,265,266,267,268,320,321,322,323,331,332,333,334,335,336,337,338,339,340,341,342,343,344,345,346,347,348,349,350,351,352,353,
7vqx_A	40,41,42,43,44,45,209,210,211,212,213,214,215,216,217,218,219,220,221,222,223,224,225,231,232,233,234,235,236,237,238,239,240,241,242,243,244,245,246,247,279,280,281,282,283,284,285,286,287,288,289,290,291,360,361,362,363,371,372,373,374,375,376,377,378,379,380,381,382,383,384,385,386,387,388,389,390,391,392,393,
7f8v_A	33,34,35,36,37,38,187,188,189,190,191,192,193,194,195,196,197,198,199,200,201,202,203,209,210,211,212,213,214,215,216,217,218,219,220,221,222,223,224,225,257,258,259,260,261,262,263,264,265,266,267,268,269,321,322,323,324,332,333,334,335,336,337,338,339,340,341,342,343,344,345,346,347,348,349,350,351,352,353,354,
6ot0_A	33,34,35,36,37,38,186,187,188,189,190,191,192,193,194,195,196,197,198,199,200,201,202,208,209,210,211,212,213,214,215,216,217,218,219,220,221,222,223,224,256,257,258,259,260,261,262,263,264,265,266,267,268,320,321,322,323,331,332,333,334,335,336,337,338,339,340,341,342,343,344,345,346,347,348,349,350,351,352,353,
6k42_A	33,34,35,36,37,38,186,187,188,189,190,191,192,193,194,195,196,197,198,199,200,201,202,208,209,210,211,212,213,214,215,216,217,218,219,220,221,222,223,224,256,257,258,259,260,261,262,263,264,265,266,267,268,320,321,322,323,331,332,333,334,335,336,337,338,339,340,341,342,343,344,345,346,347,348,349,350,351,352,353,
7x9a_A	33,34,35,36,37,38,186,187,188,189,190,191,192,193,194,195,196,197,198,199,200,201,202,208,209,210,211,212,213,214,215,216,217,218,219,220,221,222,223,224,256,257,258,259,260,261,262,263,264,265,266,267,268,320,321,322,323,331,332,333,334,335,336,337,338,339,340,341,342,343,344,345,346,347,348,349,350,351,352,353,
7dh5_A	40,41,42,43,44,45,209,210,211,212,213,214,215,216,217,218,219,220,221,222,223,224,225,231,232,233,234,235,236,237,238,239,240,241,242,243,244,245,246,247,269,270,271,272,273,274,275,276,277,278,279,280,281,350,351,352,353,361,362,363,364,365,366,367,368,369,370,371,372,373,374,375,376,377,378,379,380,381,382,383,
7v35_A	40,41,42,43,44,45,209,210,211,212,213,214,215,216,217,218,219,220,221,222,223,224,225,231,232,233,234,235,236,237,238,239,240,241,242,243,244,245,246,247,279,280,281,282,283,284,285,286,287,288,289,290,291,360,361,362,363,371,372,373,374,375,376,377,378,379,380,381,382,383,384,385,386,387,388,389,390,391,392,393,
7xjh_A	40,41,42,43,44,45,209,210,211,212,213,214,215,216,217,218,219,220,221,222,223,224,225,231,232,233,234,235,236,237,238,239,240,241,242,243,244,245,246,247,269,270,271,272,273,274,275,276,277,278,279,280,281,350,351,352,353,361,362,363,364,365,366,367,368,369,370,371,372,373,374,375,376,377,378,379,380,381,382,383,
7rtb_A	40,41,42,43,44,45,209,210,211,212,213,214,215,216,217,218,219,220,221,222,223,224,225,231,232,233,234,235,236,237,238,239,240,241,242,243,244,245,246,247,279,280,281,282,283,284,285,286,287,288,289,290,291,360,361,362,363,371,372,373,374,375,376,377,378,379,380,381,382,383,384,385,386,387,388,389,390,391,392,393,
7t6v_A	33,34,35,36,37,38,186,187,188,189,190,191,192,193,194,195,196,197,198,199,200,201,202,208,209,210,211,212,213,214,215,216,217,218,219,220,221,222,223,224,256,257,258,259,260,261,262,263,264,265,266,267,268,320,321,322,323,331,332,333,334,335,336,337,338,339,340,341,342,343,344,345,346,347,348,349,350,351,352,353,
7wvx_A	33,34,35,36,37,38,187,188,189,190,191,192,193,194,195,196,197,198,199,200,201,202,203,209,210,211,212,213,214,215,216,217,218,219,220,221,222,223,224,225,257,258,259,260,261,262,263,264,265,266,267,268,269,321,322,323,324,332,333,334,335,336,337,338,339,340,341,342,343,344,345,346,347,348,349,350,351,352,353,354,
6m1i_F	40,41,42,43,44,45,209,210,211,212,213,214,215,216,217,218,219,220,221,222,223,224,225,231,232,233,234,235,236,237,238,239,240,241,242,243,244,245,246,247,279,280,281,282,283,284,285,286,287,288,289,290,291,360,361,362,363,371,372,373,374,375,376,377,378,379,380,381,382,383,384,385,386,387,388,389,390,391,392,393,
7t6u_A	33,34,35,36,37,38,186,187,188,189,190,191,192,193,194,195,196,197,198,199,200,201,202,208,209,210,211,212,213,214,215,216,217,218,219,220,221,222,223,224,256,257,258,259,260,261,262,263,264,265,266,267,268,320,321,322,323,331,332,333,334,335,336,337,338,339,340,341,342,343,344,345,346,347,348,349,350,351,352,353,
7vl9_A	33,34,35,36,37,38,186,187,188,189,190,191,192,193,194,195,196,197,198,199,200,201,202,208,209,210,211,212,213,214,215,216,217,218,219,220,221,222,223,224,256,257,258,259,260,261,262,263,264,265,266,267,268,320,321,322,323,331,332,333,334,335,336,337,338,339,340,341,342,343,344,345,346,347,348,349,350,351,352,353,
6xbm_A	33,34,35,36,37,38,186,187,188,189,190,191,192,193,194,195,196,197,198,199,200,201,202,208,209,210,211,212,213,214,215,216,217,218,219,220,221,222,223,224,256,257,258,259,260,261,262,263,264,265,266,267,268,320,321,322,323,331,332,333,334,335,336,337,338,339,340,341,342,343,344,345,346,347,348,349,350,351,352,353,
7vla_A	33,34,35,36,37,38,186,187,188,189,190,191,192,193,194,195,196,197,198,199,200,201,202,208,209,210,211,212,213,214,215,216,217,218,219,220,221,222,223,224,256,257,258,259,260,261,262,263,264,265,266,267,268,320,321,322,323,331,332,333,334,335,336,337,338,339,340,341,342,343,344,345,346,347,348,349,350,351,352,353,
7vug_A	33,34,35,36,37,38,186,187,188,189,190,191,192,193,194,195,196,197,198,199,200,201,202,208,209,210,211,212,213,214,215,216,217,218,219,220,221,222,223,224,256,257,258,259,260,261,262,263,264,265,266,267,268,320,321,322,323,331,332,333,334,335,336,337,338,339,340,341,342,343,344,345,346,347,348,349,350,351,352,353,
7dur_A	40,41,42,43,44,45,209,210,211,212,213,214,215,216,217,218,219,220,221,222,223,224,225,231,232,233,234,235,236,237,238,239,240,241,242,243,244,245,246,247,279,280,281,282,283,284,285,286,287,288,289,290,291,360,361,362,363,371,372,373,374,375,376,377,378,379,380,381,382,383,384,385,386,387,388,389,390,391,392,393,
7vuz_A	33,34,35,36,37,38,186,187,188,189,190,191,192,193,194,195,196,197,198,199,200,201,202,208,209,210,211,212,213,214,215,216,217,218,219,220,221,222,223,224,256,257,258,259,260,261,262,263,264,265,266,267,268,320,321,322,323,331,332,333,334,335,336,337,338,339,340,341,342,343,344,345,346,347,348,349,350,351,352,353,
7td1_A	33,34,35,36,37,38,186,187,188,189,190,191,192,193,194,195,196,197,198,199,200,201,202,208,209,210,211,212,213,214,215,216,217,218,219,220,221,222,223,224,256,257,258,259,260,261,262,263,264,265,266,267,268,320,321,322,323,331,332,333,334,335,336,337,338,339,340,341,342,343,344,345,346,347,348,349,350,351,352,353,
7vgz_C	33,34,35,36,37,38,186,187,188,189,190,191,192,193,194,195,196,197,198,199,200,201,202,208,209,210,211,212,213,214,215,216,217,218,219,220,221,222,223,224,256,257,258,259,260,261,262,263,264,265,266,267,268,320,321,322,323,331,332,333,334,335,336,337,338,339,340,341,342,343,344,345,346,347,348,349,350,351,352,353,
6orv_AP	40,41,42,43,44,45,209,210,211,212,213,214,215,216,217,218,219,220,221,222,223,224,225,231,232,233,234,235,236,237,238,239,240,241,242,243,244,245,246,247,279,280,281,282,283,284,285,286,287,288,289,290,291,360,361,362,363,371,372,373,374,375,376,377,378,379,380,381,382,383,384,385,386,387,388,389,390,391,392,393,
6lmk_A	40,41,42,43,44,45,209,210,211,212,213,214,215,216,217,218,219,220,221,222,223,224,225,231,232,233,234,235,236,237,238,239,240,241,242,243,244,245,246,247,279,280,281,282,283,284,285,286,287,288,289,290,291,360,361,362,363,371,372,373,374,375,376,377,378,379,380,381,382,383,384,385,386,387,388,389,390,391,392,393,
7d68_A	40,41,42,43,44,45,209,210,211,212,213,214,215,216,217,218,219,220,221,222,223,224,225,231,232,233,234,235,236,237,238,239,240,241,242,243,244,245,246,247,279,280,281,282,283,284,285,286,287,288,289,290,291,360,361,362,363,371,372,373,374,375,376,377,378,379,380,381,382,383,384,385,386,387,388,389,390,391,392,393,
7db6_A	33,34,35,36,37,38,186,187,188,189,190,191,192,193,194,195,196,197,198,199,200,201,202,208,209,210,211,212,213,214,215,216,217,218,219,220,221,222,223,224,256,257,258,259,260,261,262,263,264,265,266,267,268,320,321,322,323,331,332,333,334,335,336,337,338,339,340,341,342,343,344,345,346,347,348,349,350,351,352,353,
7ra3_A	40,41,42,43,44,45,209,210,211,212,213,214,215,216,217,218,219,220,221,222,223,224,225,231,232,233,234,235,236,237,238,239,240,241,242,243,244,245,246,247,279,280,281,282,283,284,285,286,287,288,289,290,291,360,361,362,363,371,372,373,374,375,376,377,378,379,380,381,382,383,384,385,386,387,388,389,390,391,392,393,
7ezm_A	39,40,41,42,43,44,191,192,193,194,195,196,197,198,199,200,201,202,203,204,205,206,207,213,214,215,216,217,218,219,220,221,222,223,224,225,226,227,228,229,261,262,263,264,265,266,267,268,269,270,271,272,273,325,326,327,328,336,337,338,339,340,341,342,343,344,345,346,347,348,349,350,351,352,353,354,355,356,357,358,
7ld4_A	33,34,35,36,37,38,187,188,189,190,191,192,193,194,195,196,197,198,199,200,201,202,203,209,210,211,212,213,214,215,216,217,218,219,220,221,222,223,224,225,257,258,259,260,261,262,263,264,265,266,267,268,269,321,322,323,324,332,333,334,335,336,337,338,339,340,341,342,343,344,345,346,347,348,349,350,351,352,353,354,
7l0s_A	33,34,35,36,37,38,186,187,188,189,190,191,192,193,194,195,196,197,198,199,200,201,202,208,209,210,211,212,213,214,215,216,217,218,219,220,221,222,223,224,256,257,258,259,260,261,262,263,264,265,266,267,268,320,321,322,323,331,332,333,334,335,336,337,338,339,340,341,342,343,344,345,346,347,348,349,350,351,352,353,
7jvq_A	40,41,42,43,44,45,71,72,73,74,75,76,77,78,79,80,81,82,83,84,85,86,87,93,94,95,96,97,98,99,100,101,102,103,104,105,106,107,108,109,131,132,133,134,135,136,137,138,139,140,141,142,143,212,213,214,215,223,224,225,226,227,228,229,230,231,232,233,234,235,236,237,238,239,240,241,242,243,244,245,
7sqo_A	33,34,35,36,37,38,186,187,188,189,190,191,192,193,194,195,196,197,198,199,200,201,202,208,209,210,211,212,213,214,215,216,217,218,219,220,221,222,223,224,256,257,258,259,260,261,262,263,264,265,266,267,268,320,321,322,323,331,332,333,334,335,336,337,338,339,340,341,342,343,344,345,346,347,348,349,350,351,352,353,
6uun_A	40,41,42,43,44,45,209,210,211,212,213,214,215,216,217,218,219,220,221,222,223,224,225,231,232,233,234,235,236,237,238,239,240,241,242,243,244,245,246,247,279,280,281,282,283,284,285,286,287,288,289,290,291,360,361,362,363,371,372,373,374,375,376,377,378,379,380,381,382,383,384,385,386,387,388,389,390,391,392,393,
7tuz_A	33,34,35,36,37,38,186,187,188,189,190,191,192,193,194,195,196,197,198,199,200,201,202,208,209,210,211,212,213,214,215,216,217,218,219,220,221,222,223,224,256,257,258,259,260,261,262,263,264,265,266,267,268,320,321,322,323,331,332,333,334,335,336,337,338,339,340,341,342,343,344,345,346,347,348,349,350,351,352,353,
7e9h_A	33,34,35,36,37,38,186,187,188,189,190,191,192,193,194,195,196,197,198,199,200,201,202,208,209,210,211,212,213,214,215,216,217,218,219,220,221,222,223,224,256,257,258,259,260,261,262,263,264,265,266,267,268,320,321,322,323,331,332,333,334,335,336,337,338,339,340,341,342,343,344,345,346,347,348,349,350,351,352,353,
7rg9_A	40,41,42,43,44,45,209,210,211,212,213,214,215,216,217,218,219,220,221,222,223,224,225,231,232,233,234,235,236,237,238,239,240,241,242,243,244,245,246,247,279,280,281,282,283,284,285,286,287,288,289,290,291,360,361,362,363,371,372,373,374,375,376,377,378,379,380,381,382,383,384,385,386,387,388,389,390,391,392,393,
6li3_A	40,41,42,43,44,45,209,210,211,212,213,214,215,216,217,218,219,220,221,222,223,224,225,231,232,233,234,235,236,237,238,239,240,241,242,243,244,245,246,247,279,280,281,282,283,284,285,286,287,288,289,290,291,360,361,362,363,371,372,373,374,375,376,377,378,379,380,381,382,383,384,385,386,387,388,389,390,391,392,393,
7ew1_D	33,34,35,36,37,38,186,187,188,189,190,191,192,193,194,195,196,197,198,199,200,201,202,208,209,210,211,212,213,214,215,216,217,218,219,220,221,222,223,224,256,257,258,259,260,261,262,263,264,265,266,267,268,320,321,322,323,331,332,333,334,335,336,337,338,339,340,341,342,343,344,345,346,347,348,349,350,351,352,353,
7f54_A	40,41,42,43,44,45,209,210,211,212,213,214,215,216,217,218,219,220,221,222,223,224,225,231,232,233,234,235,236,237,238,239,240,241,242,243,244,245,246,247,279,280,281,282,283,284,285,286,287,288,289,290,291,360,361,362,363,371,372,373,374,375,376,377,378,379,380,381,382,383,384,385,386,387,388,389,390,391,392,393,
7ckz_A	40,41,42,43,44,45,209,210,211,212,213,214,215,216,217,218,219,220,221,222,223,224,225,231,232,233,234,235,236,237,238,239,240,241,242,243,244,245,246,247,279,280,281,282,283,284,285,286,287,288,289,290,291,360,361,362,363,371,372,373,374,375,376,377,378,379,380,381,382,383,384,385,386,387,388,389,390,391,392,393,
7f1s_A	33,34,35,36,37,38,186,187,188,189,190,191,192,193,194,195,196,197,198,199,200,201,202,208,209,210,211,212,213,214,215,216,217,218,219,220,221,222,223,224,256,257,258,259,260,261,262,263,264,265,266,267,268,320,321,322,323,331,332,333,334,335,336,337,338,339,340,341,342,343,344,345,346,347,348,349,350,351,352,353,
6wpw_C	40,41,42,43,44,45,209,210,211,212,213,214,215,216,217,218,219,220,221,222,223,224,225,231,232,233,234,235,236,237,238,239,240,241,242,243,244,245,246,247,279,280,281,282,283,284,285,286,287,288,289,290,291,360,361,362,363,371,372,373,374,375,376,377,378,379,380,381,382,383,384,385,386,387,388,389,390,391,392,393,
6n4b_A	33,34,35,36,37,38,186,187,188,189,190,191,192,193,194,195,196,197,198,199,200,201,202,208,209,210,211,212,213,214,215,216,217,218,219,220,221,222,223,224,256,257,258,259,260,261,262,263,264,265,266,267,268,320,321,322,323,331,332,333,334,335,336,337,338,339,340,341,342,343,344,345,346,347,348,349,350,351,352,353,
6pt0_A	33,34,35,36,37,38,186,187,188,189,190,191,192,193,194,195,196,197,198,199,200,201,202,208,209,210,211,212,213,214,215,216,217,218,219,220,221,222,223,224,256,257,258,259,260,261,262,263,264,265,266,267,268,320,321,322,323,331,332,333,334,335,336,337,338,339,340,341,342,343,344,345,346,347,348,349,350,351,352,353,
7wvv_A	33,34,35,36,37,38,187,188,189,190,191,192,193,194,195,196,197,198,199,200,201,202,203,209,210,211,212,213,214,215,216,217,218,219,220,221,222,223,224,225,257,258,259,260,261,262,263,264,265,266,267,268,269,321,322,323,324,332,333,334,335,336,337,338,339,340,341,342,343,344,345,346,347,348,349,350,351,352,353,354,
7e9g_A	33,34,35,36,37,38,186,187,188,189,190,191,192,193,194,195,196,197,198,199,200,201,202,208,209,210,211,212,213,214,215,216,217,218,219,220,221,222,223,224,256,257,258,259,260,261,262,263,264,265,266,267,268,320,321,322,323,331,332,333,334,335,336,337,338,339,340,341,342,343,344,345,346,347,348,349,350,351,352,353,
6b3j_A	40,41,42,43,44,45,209,210,211,212,213,214,215,216,217,218,219,220,221,222,223,224,225,231,232,233,234,235,236,237,238,239,240,241,242,243,244,245,246,247,279,280,281,282,283,284,285,286,287,288,289,290,291,360,361,362,363,371,372,373,374,375,376,377,378,379,380,381,382,383,384,385,386,387,388,389,390,391,392,393,
